Sex,Length,Diameter,Height,Whole weight,Shucked weight,Viscera weight,Shell weight,Rings
F,0.075,0.65,1.13,2.8255,0.001,0.0005,0.001500000013038516,18.0
F,0.075,0.65,1.13,2.8255,0.001,0.0005,0.001500000013038516,10.0
F,0.075,0.65,0.0,2.8255,0.001,0.0005,1.0049999952316284,10.0
F,0.815,0.055,1.13,2.8255,0.001,0.0005,0.001500000013038516,10.0
I,0.815,0.055,1.13,2.8255,0.001,0.0005,0.001500000013038516,1.0
F,0.075,0.65,1.13,2.8255,0.001,0.0005,0.001500000013038516,10.0
F,0.815,0.055,1.13,2.8255,0.001,0.0005,0.001500000013038516,18.0
F,0.815,0.055,1.13,2.8255,0.001,0.0005,0.001500000013038516,12.0
F,0.075,0.65,1.13,2.8255,0.001,0.0005,0.001500000013038516,10.0
M,0.075,0.055,1.13,2.8255,0.001,0.0005,0.001500000013038516,16.0
F,0.075,0.65,1.13,2.8255,0.001,0.0005,0.001500000013038516,10.0
F,0.075,0.055,0.0,2.8255,0.001,0.0005,1.0049999952316284,6.0
F,0.075,0.055,1.13,2.8255,0.001,0.0005,0.001500000013038516,12.0
F,0.815,0.055,1.13,2.8255,0.001,0.0005,0.001500000013038516,12.0
F,0.075,0.65,0.0,2.8255,0.001,0.0005,0.001500000013038516,5.0
F,0.075,0.65,1.13,2.8255,0.001,0.0005,0.001500000013038516,16.0
F,0.075,0.65,1.13,2.8255,0.001,0.0005,0.001500000013038516,10.0
F,0.815,0.055,1.13,2.8255,0.001,0.0005,0.001500000013038516,10.0
F,0.075,0.65,1.13,2.8255,0.001,0.0005,0.001500000013038516,10.0
F,0.815,0.055,1.13,2.8255,0.001,0.0005,0.001500000013038516,14.0
F,0.075,0.65,1.13,2.8255,0.001,0.0005,0.001500000013038516,14.0
F,0.075,0.65,1.13,2.8255,0.001,0.0005,0.001500000013038516,17.0
F,0.075,0.65,1.13,2.8255,0.001,0.0005,1.0049999952316284,6.0
F,0.075,0.65,0.0,2.8255,0.001,0.0005,1.0049999952316284,6.0
F,0.075,0.65,1.13,2.8255,0.001,0.0005,0.001500000013038516,16.0
I,0.815,0.055,0.0,2.8255,0.001,0.0005,0.001500000013038516,5.0
F,0.075,0.65,1.13,2.8255,0.001,0.0005,1.0049999952316284,6.0
M,0.815,0.055,1.13,2.8255,0.001,0.0005,0.001500000013038516,14.0
F,0.815,0.055,1.13,2.8255,0.001,0.0005,0.001500000013038516,12.0
F,0.075,0.65,1.13,2.8255,0.001,0.0005,0.001500000013038516,10.0
F,0.075,0.65,1.13,2.8255,0.001,0.0005,0.001500000013038516,16.0
F,0.815,0.055,1.13,2.8255,0.001,0.0005,0.001500000013038516,12.0
M,0.815,0.055,1.13,2.8255,0.001,0.0005,0.001500000013038516,18.0
I,0.815,0.055,1.13,2.8255,0.001,0.0005,0.001500000013038516,14.0
F,0.075,0.65,1.13,2.8255,0.001,0.0005,0.001500000013038516,10.0
F,0.815,0.055,1.13,2.8255,0.001,0.0005,0.001500000013038516,12.0
F,0.815,0.055,1.13,2.8255,0.001,0.0005,0.001500000013038516,12.0
F,0.075,0.055,1.13,2.8255,0.001,0.0005,1.0049999952316284,6.0
F,0.815,0.055,1.13,2.8255,0.001,0.0005,0.001500000013038516,10.0
F,0.075,0.5,1.13,2.8255,0.001,0.0005,0.001500000013038516,10.0
F,0.075,0.65,1.13,2.8255,0.001,0.0005,0.001500000013038516,10.0
F,0.815,0.055,1.13,2.8255,0.001,0.0005,0.001500000013038516,14.0
F,0.815,0.055,1.13,2.8255,0.001,0.0005,0.001500000013038516,12.0
F,0.075,0.65,1.13,2.8255,0.001,0.0005,0.001500000013038516,5.0
F,0.075,0.65,1.13,2.8255,0.001,0.0005,0.001500000013038516,16.0
F,0.075,0.65,1.13,2.8255,0.001,0.0005,0.001500000013038516,10.0
F,0.815,0.055,1.13,2.8255,0.001,0.0005,0.001500000013038516,12.0
F,0.075,0.055,1.13,2.8255,0.001,0.0005,0.001500000013038516,12.0
F,0.075,0.65,1.13,2.8255,0.001,0.0005,0.001500000013038516,16.0
M,0.075,0.65,1.13,2.8255,0.001,0.0005,0.001500000013038516,16.0
F,0.815,0.055,1.13,2.8255,0.001,0.0005,0.001500000013038516,12.0
F,0.815,0.055,1.13,2.8255,0.001,0.0005,0.001500000013038516,12.0
F,0.075,0.65,1.13,2.8255,0.001,0.0005,0.001500000013038516,14.0
F,0.815,0.055,1.13,2.8255,0.001,0.0005,0.001500000013038516,12.0
F,0.075,0.65,1.13,2.8255,0.001,0.0005,0.001500000013038516,10.0
F,0.075,0.65,1.13,2.8255,0.001,0.0005,0.001500000013038516,10.0
F,0.075,0.055,1.13,2.8255,0.001,0.0005,0.001500000013038516,12.0
F,0.815,0.055,1.13,2.8255,0.001,0.0005,0.001500000013038516,12.0
F,0.075,0.65,1.13,2.8255,0.001,0.0005,0.001500000013038516,16.0
F,0.075,0.055,1.13,2.8255,0.001,0.0005,0.001500000013038516,18.0
F,0.815,0.055,1.13,2.8255,0.001,0.0005,0.001500000013038516,12.0
F,0.815,0.055,1.13,2.8255,0.001,0.0005,0.001500000013038516,12.0
F,0.815,0.055,1.13,2.8255,0.001,0.0005,0.001500000013038516,12.0
M,0.815,0.055,1.13,2.8255,0.001,0.0005,0.001500000013038516,14.0
F,0.815,0.055,0.0,2.8255,0.001,0.0005,0.001500000013038516,12.0
F,0.075,0.65,1.13,2.8255,0.001,0.0005,1.0049999952316284,10.0
I,0.815,0.055,0.0,2.8255,0.001,0.0005,0.001500000013038516,5.0
F,0.815,0.055,1.13,2.8255,0.001,0.0005,0.001500000013038516,17.0
F,0.075,0.65,1.13,2.8255,0.001,0.0005,0.001500000013038516,14.0
F,0.075,0.65,1.13,2.8255,0.001,0.0005,1.0049999952316284,6.0
F,0.815,0.055,1.13,2.8255,0.001,0.0005,0.001500000013038516,10.0
F,0.075,0.055,1.13,2.8255,0.001,0.0005,1.0049999952316284,6.0
F,0.815,0.055,1.13,2.8255,0.001,0.0005,0.001500000013038516,12.0
F,0.815,0.055,1.13,2.8255,0.001,0.0005,0.001500000013038516,12.0
F,0.075,0.65,1.13,2.8255,0.001,0.0005,0.001500000013038516,14.0
F,0.075,0.055,1.13,2.8255,0.001,0.0005,0.001500000013038516,10.0
F,0.075,0.65,1.13,2.8255,0.001,0.0005,0.001500000013038516,10.0
F,0.075,0.055,1.13,2.8255,0.001,0.0005,0.001500000013038516,14.0
F,0.075,0.055,1.13,2.8255,0.001,0.0005,0.001500000013038516,12.0
F,0.075,0.65,1.13,2.8255,0.001,0.0005,0.001500000013038516,14.0
F,0.075,0.055,1.13,2.8255,0.001,0.0005,0.001500000013038516,10.0
F,0.075,0.65,0.09,2.8255,0.001,0.0005,0.001500000013038516,16.0
F,0.075,0.65,1.13,2.8255,0.001,0.0005,0.001500000013038516,10.0
F,0.075,0.65,1.13,2.8255,0.001,0.0005,0.001500000013038516,16.0
F,0.815,0.055,1.13,2.8255,0.001,0.0005,0.001500000013038516,12.0
F,0.075,0.65,1.13,2.8255,0.001,0.0005,0.001500000013038516,10.0
F,0.075,0.65,1.13,2.8255,0.001,0.0005,0.001500000013038516,16.0
F,0.815,0.055,1.13,2.8255,0.001,0.0005,0.001500000013038516,10.0
F,0.075,0.055,1.13,2.8255,0.001,0.0005,0.001500000013038516,12.0
F,0.075,0.055,1.13,2.8255,0.001,0.0005,0.001500000013038516,10.0
F,0.815,0.055,1.13,2.8255,0.001,0.0005,0.001500000013038516,12.0
F,0.075,0.65,1.13,2.8255,0.001,0.0005,0.001500000013038516,16.0
M,0.075,0.65,1.13,2.8255,0.001,0.0005,0.001500000013038516,16.0
F,0.075,0.65,1.13,2.8255,0.001,0.0005,0.001500000013038516,10.0
F,0.075,0.055,1.13,2.8255,0.001,0.0005,0.001500000013038516,12.0
F,0.815,0.055,1.13,2.8255,0.001,0.0005,0.001500000013038516,12.0
F,0.815,0.055,1.13,2.8255,0.001,0.0005,0.001500000013038516,18.0
F,0.815,0.055,1.13,2.8255,0.001,0.0005,0.001500000013038516,10.0
F,0.075,0.65,1.13,2.8255,0.001,0.0005,0.001500000013038516,16.0
I,0.815,0.055,0.0,2.8255,0.001,0.0005,1.0049999952316284,13.0
F,0.815,0.055,1.13,2.8255,0.001,0.0005,0.001500000013038516,5.0
F,0.075,0.65,1.13,2.8255,0.001,0.0005,0.001500000013038516,10.0
F,0.075,0.65,0.0,2.8255,0.001,0.0005,1.0049999952316284,6.0
F,0.075,0.65,0.0,2.8255,0.001,0.0005,1.0049999952316284,18.0
F,0.075,0.65,1.13,2.8255,0.001,0.0005,0.001500000013038516,10.0
F,0.815,0.055,1.13,2.8255,0.001,0.0005,0.001500000013038516,12.0
F,0.815,0.055,1.13,2.8255,0.001,0.0005,0.001500000013038516,12.0
F,0.815,0.055,1.13,2.8255,0.001,0.0005,0.001500000013038516,12.0
F,0.075,0.055,1.13,2.8255,0.001,0.0005,0.001500000013038516,10.0
F,0.075,0.65,1.13,2.8255,0.001,0.0005,0.001500000013038516,14.0
F,0.815,0.055,1.13,2.8255,0.001,0.0005,0.001500000013038516,12.0
F,0.815,0.055,1.13,2.8255,0.001,0.0005,0.001500000013038516,12.0
F,0.075,0.65,1.13,2.8255,0.001,0.0005,0.001500000013038516,10.0
M,0.075,0.65,1.13,2.8255,0.001,0.0005,0.001500000013038516,16.0
F,0.075,0.65,1.13,2.8255,0.001,0.0005,0.001500000013038516,5.0
F,0.815,0.055,1.13,2.8255,0.001,0.0005,0.001500000013038516,5.0
F,0.815,0.055,1.13,2.8255,0.001,0.0005,0.001500000013038516,14.0
F,0.815,0.055,1.13,2.8255,0.001,0.0005,0.001500000013038516,10.0
F,0.815,0.055,1.13,2.8255,0.001,0.0005,0.001500000013038516,10.0
F,0.075,0.65,1.13,2.8255,0.001,0.0005,0.001500000013038516,18.0
M,0.075,0.65,0.0,2.8255,0.001,0.0005,0.001500000013038516,16.0
M,0.075,0.65,1.13,2.8255,0.001,0.0005,0.001500000013038516,16.0
M,0.075,0.65,0.0,2.8255,0.001,0.0005,0.001500000013038516,16.0
F,0.075,0.65,0.0,2.8255,0.001,0.0005,1.0049999952316284,18.0
M,0.075,0.055,1.13,2.8255,0.001,0.0005,0.001500000013038516,16.0
F,0.815,0.055,1.13,2.8255,0.001,0.0005,0.001500000013038516,12.0
F,0.075,0.65,1.13,2.8255,0.001,0.0005,0.001500000013038516,10.0
F,0.815,0.055,1.13,2.8255,0.001,0.0005,1.0049999952316284,6.0
M,0.815,0.055,1.13,2.8255,0.001,0.0005,0.001500000013038516,18.0
F,0.075,0.65,1.13,2.8255,0.001,0.0005,0.001500000013038516,16.0
F,0.815,0.055,1.13,2.8255,0.001,0.0005,0.001500000013038516,12.0
F,0.075,0.65,0.0,2.8255,0.001,0.0005,1.0049999952316284,18.0
F,0.815,0.055,1.13,2.8255,0.001,0.0005,0.001500000013038516,12.0
F,0.815,0.055,1.13,2.8255,0.001,0.0005,0.001500000013038516,18.0
F,0.075,0.65,1.13,2.8255,0.001,0.0005,0.001500000013038516,10.0
M,0.075,0.65,1.13,2.8255,0.001,0.0005,0.001500000013038516,16.0
F,0.815,0.055,1.13,2.8255,0.001,0.0005,0.001500000013038516,10.0
F,0.075,0.65,0.0,2.8255,0.001,0.0005,0.001500000013038516,5.0
F,0.815,0.055,1.13,2.8255,0.001,0.0005,0.001500000013038516,12.0
F,0.075,0.055,1.13,2.8255,0.001,0.0005,1.0049999952316284,6.0
F,0.075,0.055,1.13,2.8255,0.001,0.0005,0.001500000013038516,12.0
F,0.815,0.055,1.13,2.8255,0.001,0.0005,0.001500000013038516,12.0
F,0.075,0.055,1.13,2.8255,0.001,0.0005,0.001500000013038516,12.0
F,0.075,0.65,0.0,2.8255,0.001,0.0005,0.001500000013038516,18.0
F,0.075,0.65,1.13,2.8255,0.001,0.0005,1.0049999952316284,6.0
F,0.075,0.65,1.13,2.8255,0.001,0.0005,0.001500000013038516,10.0
F,0.815,0.055,1.13,2.8255,0.001,0.0005,0.001500000013038516,12.0
F,0.075,0.65,1.13,2.8255,0.001,0.0005,0.001500000013038516,16.0
F,0.075,0.055,1.13,2.8255,0.001,0.0005,0.001500000013038516,14.0
F,0.075,0.055,1.13,2.8255,0.001,0.0005,0.001500000013038516,10.0
F,0.075,0.65,1.13,2.8255,0.001,0.0005,0.001500000013038516,16.0
F,0.075,0.65,1.13,2.8255,0.001,0.0005,0.001500000013038516,16.0
F,0.815,0.055,1.13,2.8255,0.001,0.0005,0.001500000013038516,14.0
F,0.075,0.65,1.1299715,2.8255,0.001,0.0005,0.001500000013038516,5.0
M,0.815,0.055,0.0,2.8255,0.001,0.0005,0.001500000013038516,16.0
F,0.815,0.055,1.13,2.8255,0.001,0.0005,0.001500000013038516,12.0
F,0.815,0.055,1.13,2.8255,0.001,0.0005,0.001500000013038516,12.0
F,0.815,0.055,1.13,2.8255,0.001,0.0005,0.001500000013038516,12.0
F,0.815,0.055,1.13,2.8255,0.001,0.0005,0.001500000013038516,18.0
F,0.075,0.055,1.13,2.8255,0.001,0.0005,0.001500000013038516,10.0
F,0.075,0.055,1.13,2.8255,0.001,0.0005,0.001500000013038516,12.0
M,0.815,0.055,1.13,2.8255,0.001,0.0005,0.001500000013038516,12.0
M,0.075,0.65,1.13,2.8255,0.001,0.0005,0.001500000013038516,16.0
F,0.075,0.65,1.13,2.8255,0.001,0.0005,0.001500000013038516,10.0
F,0.075,0.055,1.13,2.8255,0.001,0.0005,0.001500000013038516,12.0
F,0.075,0.65,1.13,2.8255,0.001,0.0005,0.001500000013038516,10.0
F,0.075,0.055,1.13,2.8255,0.001,0.0005,0.001500000013038516,12.0
F,0.815,0.055,1.13,2.8255,0.001,0.0005,0.001500000013038516,12.0
F,0.075,0.65,1.13,2.8255,0.001,0.0005,0.001500000013038516,16.0
M,0.815,0.055,1.13,2.8255,0.001,0.0005,0.001500000013038516,14.0
F,0.075,0.65,1.13,2.8255,0.001,0.0005,0.001500000013038516,16.0
F,0.815,0.055,1.13,2.8255,0.001,0.0005,0.001500000013038516,12.0
F,0.075,0.65,1.13,2.8255,0.001,0.0005,0.001500000013038516,10.0
F,0.075,0.055,1.13,2.8255,0.001,0.0005,0.001500000013038516,10.0
F,0.815,0.055,1.13,2.8255,0.001,0.0005,0.001500000013038516,16.0
F,0.075,0.65,0.0,2.8255,0.001,0.0005,0.001500000013038516,5.0
F,0.815,0.055,1.13,2.8255,0.001,0.0005,0.001500000013038516,10.0
F,0.075,0.65,1.13,2.8255,0.001,0.0005,0.001500000013038516,5.0
F,0.075,0.65,0.2146445,2.8255,0.001,0.0005,0.001500000013038516,5.0
F,0.075,0.65,1.13,2.8255,0.001,0.0005,0.001500000013038516,14.0
F,0.815,0.055,1.13,2.8255,0.001,0.0005,0.001500000013038516,12.0
F,0.075,0.055,1.13,2.8255,0.001,0.0005,0.001500000013038516,14.0
F,0.815,0.055,1.13,2.8255,0.001,0.0005,0.001500000013038516,12.0
F,0.815,0.055,1.13,2.8255,0.001,0.0005,0.001500000013038516,12.0
F,0.815,0.055,1.13,2.8255,0.001,0.0005,0.001500000013038516,10.0
I,0.815,0.055,0.0,2.8255,0.001,0.0005,0.001500000013038516,12.0
F,0.075,0.65,1.13,2.8255,0.001,0.0005,0.001500000013038516,14.0
F,0.075,0.65,1.13,2.8255,0.001,0.0005,0.001500000013038516,16.0
F,0.075,0.65,1.13,2.8255,0.001,0.0005,0.001500000013038516,16.0
M,0.075,0.65,1.13,2.8255,0.001,0.0005,0.001500000013038516,16.0
M,0.815,0.055,1.13,2.8255,0.001,0.0005,0.001500000013038516,15.0
F,0.075,0.65,1.13,2.8255,0.001,0.0005,0.001500000013038516,10.0
F,0.075,0.055,1.13,2.8255,0.001,0.0005,0.001500000013038516,12.0
F,0.815,0.055,1.13,2.8255,0.001,0.0005,0.001500000013038516,10.0
F,0.075,0.055,1.13,2.8255,0.001,0.0005,0.001500000013038516,10.0
F,0.075,0.65,1.13,2.8255,0.001,0.0005,0.001500000013038516,16.0
F,0.815,0.055,1.13,2.8255,0.001,0.0005,0.001500000013038516,12.0
F,0.815,0.055,1.13,2.8255,0.001,0.0005,0.001500000013038516,10.0
F,0.075,0.055,1.13,2.8255,0.001,0.0005,0.001500000013038516,10.0
F,0.075,0.65,0.0,2.8255,0.001,0.0005,1.0049999952316284,15.0
F,0.815,0.055,1.13,2.8255,0.001,0.0005,0.001500000013038516,12.0
F,0.075,0.65,0.0,2.8255,0.001,0.0005,1.0049999952316284,6.0
F,0.075,0.65,1.13,2.8255,0.001,0.0005,0.001500000013038516,16.0
F,0.075,0.65,1.13,2.8255,0.001,0.0005,0.001500000013038516,10.0
F,0.815,0.055,1.13,2.8255,0.001,0.0005,0.001500000013038516,12.0
F,0.815,0.055,1.13,2.8255,0.001,0.0005,0.001500000013038516,12.0
F,0.815,0.055,1.13,2.8255,0.001,0.0005,0.001500000013038516,10.0
F,0.815,0.055,1.13,2.8255,0.001,0.0005,0.001500000013038516,12.0
M,0.075,0.65,1.13,2.8255,0.001,0.0005,0.001500000013038516,4.0
M,0.075,0.65,0.0,2.8255,0.001,0.0005,0.001500000013038516,16.0
F,0.075,0.055,1.13,2.8255,0.001,0.0005,0.001500000013038516,10.0
F,0.075,0.65,1.13,2.8255,0.001,0.0005,1.0049999952316284,10.0
F,0.075,0.055,1.13,2.8255,0.001,0.0005,0.001500000013038516,14.0
F,0.075,0.65,1.13,2.8255,0.001,0.0005,0.001500000013038516,10.0
F,0.075,0.65,1.13,2.8255,0.001,0.0005,0.001500000013038516,16.0
F,0.815,0.055,1.13,2.8255,0.001,0.0005,0.001500000013038516,14.0
I,0.815,0.055,1.13,2.8255,0.001,0.0005,0.001500000013038516,12.0
F,0.075,0.65,1.13,2.8255,0.001,0.0005,0.001500000013038516,10.0
F,0.075,0.65,1.13,2.8255,0.001,0.0005,0.001500000013038516,10.0
F,0.075,0.65,1.13,2.8255,0.001,0.0005,0.001500000013038516,17.0
F,0.815,0.055,1.13,2.8255,0.001,0.0005,0.001500000013038516,12.0
M,0.815,0.055,1.13,2.8255,0.001,0.0005,0.001500000013038516,16.0
F,0.075,0.65,1.13,2.8255,0.001,0.0005,0.001500000013038516,10.0
I,0.815,0.055,0.0,2.8255,0.001,0.0005,1.0049999952316284,1.0
F,0.075,0.055,1.13,2.8255,0.001,0.0005,1.0049999952316284,6.0
F,0.815,0.055,1.13,2.8255,0.001,0.0005,0.001500000013038516,10.0
I,0.815,0.055,1.13,2.8255,0.001,0.0005,0.001500000013038516,18.0
F,0.075,0.65,1.13,2.8255,0.001,0.0005,0.001500000013038516,10.0
F,0.815,0.055,1.13,2.8255,0.001,0.0005,0.001500000013038516,14.0
M,0.075,0.055,1.13,2.8255,0.001,0.0005,0.001500000013038516,14.0
M,0.075,0.65,0.0,2.8255,0.001,0.0005,0.001500000013038516,16.0
F,0.815,0.055,1.13,2.8255,0.001,0.0005,0.001500000013038516,18.0
F,0.815,0.055,1.13,2.8255,0.001,0.0005,0.001500000013038516,5.0
F,0.075,0.65,1.13,2.8255,0.001,0.0005,0.001500000013038516,5.0
F,0.075,0.055,1.13,2.8255,0.001,0.0005,0.001500000013038516,12.0
M,0.815,0.055,1.13,2.8255,0.001,0.0005,0.001500000013038516,14.0
F,0.815,0.055,1.13,2.8255,0.001,0.0005,0.001500000013038516,12.0
F,0.815,0.055,1.13,2.8255,0.001,0.0005,0.001500000013038516,12.0
F,0.075,0.65,1.13,2.8255,0.001,0.0005,0.001500000013038516,10.0
F,0.815,0.055,1.13,2.8255,0.001,0.0005,0.001500000013038516,5.0
F,0.075,0.055,1.13,2.8255,0.001,0.0005,0.001500000013038516,10.0
F,0.075,0.65,1.13,2.8255,0.001,0.0005,0.001500000013038516,10.0
F,0.815,0.055,1.13,2.8255,0.001,0.0005,0.001500000013038516,12.0
F,0.075,0.65,1.13,2.8255,0.001,0.0005,0.001500000013038516,16.0
M,0.075,0.65,1.13,2.8255,0.001,0.0005,0.001500000013038516,14.0
F,0.075,0.65,1.13,2.8255,0.001,0.0005,0.001500000013038516,14.0
F,0.815,0.055,1.13,2.8255,0.001,0.0005,1.0049999952316284,10.0
F,0.075,0.055,1.13,2.8255,0.001,0.0005,0.001500000013038516,10.0
F,0.815,0.055,1.13,2.8255,0.001,0.0005,0.001500000013038516,12.0
F,0.075,0.65,1.13,2.8255,0.001,0.0005,0.001500000013038516,10.0
F,0.815,0.055,1.13,2.8255,0.001,0.0005,0.001500000013038516,12.0
F,0.075,0.65,1.13,2.8255,0.001,0.0005,0.001500000013038516,16.0
F,0.075,0.65,1.13,2.8255,0.001,0.0005,0.001500000013038516,16.0
F,0.075,0.65,1.13,2.8255,0.001,0.0005,0.001500000013038516,10.0
M,0.075,0.65,0.0,2.8255,0.001,0.0005,1.0049999952316284,15.0
F,0.815,0.055,1.13,2.8255,0.001,0.0005,0.001500000013038516,10.0
F,0.815,0.055,1.13,2.8255,0.001,0.0005,0.001500000013038516,10.0
F,0.815,0.055,1.13,2.8255,0.001,0.0005,0.001500000013038516,12.0
F,0.075,0.055,1.13,2.8255,0.001,0.0005,0.001500000013038516,12.0
F,0.815,0.055,1.13,2.8255,0.001,0.0005,0.001500000013038516,12.0
F,0.075,0.055,1.13,2.8255,0.001,0.0005,0.001500000013038516,10.0
F,0.075,0.65,1.13,2.8255,0.001,0.0005,0.001500000013038516,10.0
F,0.815,0.055,1.13,2.8255,0.001,0.0005,0.001500000013038516,14.0
F,0.815,0.055,1.13,2.8255,0.001,0.0005,0.001500000013038516,18.0
F,0.075,0.055,1.13,2.8255,0.001,0.0005,0.001500000013038516,10.0
F,0.815,0.055,1.13,2.8255,0.001,0.0005,0.001500000013038516,12.0
F,0.075,0.65,1.13,2.8255,0.001,0.0005,1.0049999952316284,6.0
I,0.815,0.055,1.13,2.8255,0.001,0.0005,0.001500000013038516,16.0
F,0.075,0.65,1.13,2.8255,0.001,0.0005,0.001500000013038516,5.0
F,0.815,0.055,1.13,2.8255,0.001,0.0005,0.001500000013038516,12.0
F,0.075,0.65,1.13,2.8255,0.001,0.0005,0.001500000013038516,10.0
M,0.815,0.055,0.0,2.8255,0.001,0.0005,0.001500000013038516,18.0
F,0.075,0.65,1.13,2.8255,0.001,0.0005,0.001500000013038516,5.0
F,0.075,0.055,1.13,2.8255,0.001,0.0005,0.001500000013038516,12.0
M,0.815,0.055,1.13,2.8255,0.001,0.0005,0.001500000013038516,18.0
F,0.075,0.65,1.13,2.8255,0.001,0.0005,0.001500000013038516,18.0
M,0.815,0.055,1.13,2.8255,0.001,0.0005,0.001500000013038516,18.0
F,0.075,0.055,1.13,2.8255,0.001,0.0005,0.001500000013038516,14.0
M,0.075,0.65,0.0,2.8255,0.001,0.0005,0.001500000013038516,15.0
F,0.075,0.65,0.0,2.8255,0.001,0.0005,0.001500000013038516,5.0
F,0.075,0.65,1.13,2.8255,0.001,0.0005,0.001500000013038516,10.0
F,0.815,0.055,1.13,2.8255,0.001,0.0005,0.001500000013038516,12.0
F,0.075,0.055,1.13,2.8255,0.001,0.0005,0.001500000013038516,10.0
F,0.815,0.055,1.13,2.8255,0.001,0.0005,0.001500000013038516,12.0
F,0.075,0.055,1.13,2.8255,0.001,0.0005,0.001500000013038516,10.0
F,0.075,0.65,1.13,2.8255,0.001,0.0005,0.001500000013038516,10.0
F,0.075,0.65,1.13,2.8255,0.001,0.0005,0.001500000013038516,14.0
F,0.815,0.055,1.13,2.8255,0.001,0.0005,0.001500000013038516,14.0
F,0.075,0.65,1.13,2.8255,0.001,0.0005,0.001500000013038516,17.0
F,0.075,0.055,1.13,2.8255,0.001,0.0005,0.001500000013038516,14.0
F,0.075,0.65,1.13,2.8255,0.001,0.0005,0.001500000013038516,10.0
F,0.075,0.65,1.13,2.8255,0.001,0.0005,0.001500000013038516,16.0
F,0.815,0.055,1.13,2.8255,0.001,0.0005,0.001500000013038516,12.0
F,0.075,0.65,1.13,2.8255,0.001,0.0005,1.0049999952316284,6.0
F,0.075,0.65,1.13,2.8255,0.001,0.0005,0.001500000013038516,10.0
F,0.075,0.65,1.13,2.8255,0.001,0.0005,0.001500000013038516,5.0
F,0.815,0.055,1.13,2.8255,0.001,0.0005,0.001500000013038516,17.0
F,0.075,0.055,1.13,2.8255,0.001,0.0005,0.001500000013038516,10.0
F,0.815,0.055,1.13,2.8255,0.001,0.0005,0.001500000013038516,12.0
F,0.075,0.055,1.13,2.8255,0.001,0.0005,0.001500000013038516,14.0
M,0.075,0.65,1.13,2.8255,0.001,0.0005,0.001500000013038516,16.0
F,0.815,0.055,1.13,2.8255,0.001,0.0005,0.001500000013038516,12.0
F,0.815,0.055,1.13,2.8255,0.001,0.0005,1.0049999952316284,12.0
F,0.815,0.055,1.13,2.8255,0.001,0.0005,0.001500000013038516,12.0
M,0.075,0.055,1.13,2.8255,0.001,0.0005,0.001500000013038516,16.0
F,0.075,0.055,1.13,2.8255,0.001,0.0005,0.001500000013038516,12.0
F,0.815,0.055,1.13,2.8255,0.001,0.0005,0.001500000013038516,12.0
F,0.815,0.055,1.13,2.8255,0.001,0.0005,0.001500000013038516,18.0
F,0.075,0.65,1.13,2.8255,0.001,0.0005,1.0049999952316284,16.0
F,0.075,0.65,1.13,2.8255,0.001,0.0005,1.0049999952316284,18.0
F,0.075,0.65,1.13,2.8255,0.001,0.0005,0.001500000013038516,18.0
F,0.075,0.65,1.13,2.8255,0.001,0.0005,0.001500000013038516,14.0
F,0.075,0.65,1.13,2.8255,0.001,0.0005,1.0049999952316284,10.0
F,0.075,0.65,1.13,2.8255,0.001,0.0005,0.001500000013038516,10.0
F,0.075,0.65,1.13,2.8255,0.001,0.0005,0.001500000013038516,14.0
F,0.075,0.65,1.13,2.8255,0.001,0.0005,0.001500000013038516,10.0
F,0.075,0.65,1.13,2.8255,0.001,0.0005,0.001500000013038516,10.0
M,0.075,0.65,1.13,2.8255,0.001,0.0005,0.001500000013038516,16.0
F,0.815,0.055,1.13,2.8255,0.001,0.0005,0.001500000013038516,12.0
M,0.815,0.055,1.13,2.8255,0.001,0.0005,0.001500000013038516,18.0
M,0.075,0.65,1.13,2.8255,0.001,0.0005,0.001500000013038516,16.0
F,0.075,0.65,0.0,2.8255,0.001,0.0005,0.001500000013038516,16.0
F,0.075,0.65,1.13,2.8255,0.001,0.0005,0.001500000013038516,16.0
F,0.075,0.65,1.13,2.8255,0.001,0.0005,0.001500000013038516,10.0
F,0.815,0.055,1.13,2.8255,0.001,0.0005,0.001500000013038516,16.0
M,0.075,0.65,1.13,2.8255,0.001,0.0005,0.001500000013038516,16.0
F,0.815,0.055,1.13,2.8255,0.001,0.0005,0.001500000013038516,12.0
F,0.815,0.055,1.13,2.8255,0.001,0.0005,0.001500000013038516,12.0
F,0.075,0.65,1.13,2.8255,0.001,0.0005,0.001500000013038516,10.0
F,0.815,0.055,1.13,2.8255,0.001,0.0005,0.001500000013038516,10.0
F,0.8149987,0.055,1.13,2.8255,0.001,0.0005,0.001500000013038516,10.0
F,0.075,0.65,1.13,2.8255,0.001,0.0005,0.001500000013038516,14.0
F,0.815,0.055,1.13,2.8255,0.001,0.0005,0.001500000013038516,12.0
F,0.075,0.055,1.13,2.8255,0.001,0.0005,0.001500000013038516,12.0
F,0.815,0.055,1.13,2.8255,0.001,0.0005,0.001500000013038516,12.0
F,0.075,0.65,1.13,2.8255,0.001,0.0005,0.001500000013038516,5.0
F,0.075,0.65,1.13,2.8255,0.001,0.0005,0.001500000013038516,5.0
F,0.815,0.055,1.13,2.8255,0.001,0.0005,0.001500000013038516,14.0
F,0.075,0.65,1.13,2.8255,0.001,0.0005,0.001500000013038516,4.0
F,0.815,0.055,1.13,2.8255,0.001,0.0005,0.001500000013038516,18.0
F,0.075,0.65,1.13,2.8255,0.001,0.0005,0.001500000013038516,10.0
F,0.075,0.65,0.0,2.8255,0.001,0.0005,1.0049999952316284,10.0
F,0.075,0.65,1.13,2.8255,0.001,0.0005,0.001500000013038516,10.0
F,0.815,0.055,1.13,2.8255,0.001,0.0005,0.001500000013038516,16.0
F,0.815,0.055,1.13,2.8255,0.001,0.0005,0.001500000013038516,12.0
F,0.815,0.055,1.13,2.8255,0.001,0.0005,0.001500000013038516,12.0
F,0.815,0.055,1.13,2.8255,0.001,0.0005,0.001500000013038516,12.0
F,0.075,0.65,1.13,2.8255,0.001,0.0005,0.001500000013038516,16.0
F,0.075,0.055,1.13,2.8255,0.001,0.0005,0.001500000013038516,10.0
F,0.815,0.055,1.13,2.8255,0.001,0.0005,0.001500000013038516,12.0
F,0.815,0.055,1.13,2.8255,0.001,0.0005,0.001500000013038516,12.0
F,0.075,0.65,1.13,2.8255,0.001,0.0005,0.001500000013038516,12.0
M,0.075,0.65,1.13,2.8255,0.001,0.0005,0.001500000013038516,14.0
F,0.815,0.055,1.13,2.8255,0.001,0.0005,0.001500000013038516,12.0
F,0.815,0.055,1.13,2.8255,0.001,0.0005,0.001500000013038516,14.0
F,0.815,0.055,1.13,2.8255,0.001,0.0005,0.001500000013038516,16.0
F,0.075,0.055,1.13,2.8255,0.001,0.0005,0.001500000013038516,10.0
F,0.075,0.055,1.13,2.8255,0.001,0.0005,0.001500000013038516,10.0
I,0.815,0.055,0.0,2.8255,0.001,0.0005,0.001500000013038516,29.0
F,0.815,0.055,1.13,2.8255,0.001,0.0005,0.001500000013038516,5.0
F,0.815,0.055,1.13,2.8255,0.001,0.0005,0.001500000013038516,12.0
F,0.075,0.65,1.13,2.8255,0.001,0.0005,0.001500000013038516,10.0
F,0.075,0.65,1.13,2.8255,0.001,0.0005,0.001500000013038516,10.0
F,0.075,0.055,1.13,2.8255,0.001,0.0005,0.001500000013038516,10.0
F,0.815,0.055,1.13,2.8255,0.001,0.0005,0.001500000013038516,5.0
F,0.075,0.65,1.13,2.8255,0.001,0.0005,0.001500000013038516,10.0
F,0.815,0.055,1.13,2.8255,0.001,0.0005,0.001500000013038516,12.0
F,0.075,0.65,1.13,2.8255,0.001,0.0005,0.001500000013038516,10.0
F,0.075,0.65,1.13,2.8255,0.001,0.0005,0.001500000013038516,10.0
M,0.075,0.055,1.13,2.8255,0.001,0.0005,0.001500000013038516,16.0
F,0.815,0.055,1.13,2.8255,0.001,0.0005,0.001500000013038516,12.0
M,0.075,0.65,1.13,2.8255,0.001,0.0005,0.001500000013038516,16.0
F,0.075,0.65,1.13,2.8255,0.001,0.0005,1.0049999952316284,6.0
F,0.075,0.65,1.13,2.8255,0.001,0.0005,0.001500000013038516,16.0
F,0.815,0.055,1.13,2.8255,0.001,0.0005,0.001500000013038516,12.0
M,0.075,0.65,1.13,2.8255,0.001,0.0005,0.001500000013038516,16.0
F,0.075,0.65,1.13,2.8255,0.001,0.0005,0.001500000013038516,10.0
M,0.815,0.055,0.0,2.8255,0.001,0.0005,0.001500000013038516,16.0
F,0.075,0.65,1.13,2.8255,0.001,0.0005,0.001500000013038516,14.0
F,0.075,0.65,1.13,2.8255,0.001,0.0005,0.001500000013038516,16.0
F,0.075,0.65,1.13,2.8255,0.001,0.0005,0.001500000013038516,14.0
F,0.075,0.65,1.13,2.8255,0.001,0.0005,0.001500000013038516,14.0
F,0.815,0.055,1.13,2.8255,0.001,0.0005,0.001500000013038516,18.0
F,0.815,0.055,1.13,2.8255,0.001,0.0005,0.001500000013038516,12.0
F,0.815,0.055,1.13,2.8255,0.001,0.0005,0.001500000013038516,4.0
F,0.075,0.65,1.13,2.8255,0.001,0.0005,0.001500000013038516,10.0
F,0.075,0.055,1.13,2.8255,0.001,0.0005,0.001500000013038516,16.0
F,0.075,0.055,1.13,2.8255,0.001,0.0005,0.001500000013038516,12.0
F,0.815,0.055,1.13,2.8255,0.001,0.0005,0.001500000013038516,12.0
F,0.075,0.65,1.13,2.8255,0.001,0.0005,0.001500000013038516,16.0
F,0.815,0.055,1.13,2.8255,0.001,0.0005,0.001500000013038516,12.0
M,0.075,0.65,1.13,2.8255,0.001,0.0005,0.001500000013038516,14.0
M,0.075,0.65,1.13,2.8255,0.001,0.0005,0.001500000013038516,16.0
I,0.815,0.055,0.0,2.8255,0.001,0.0005,0.001500000013038516,16.0
F,0.075,0.055,1.13,2.8255,0.001,0.0005,0.001500000013038516,12.0
F,0.815,0.055,1.13,2.8255,0.001,0.0005,0.001500000013038516,10.0
F,0.075,0.055,1.13,2.8255,0.001,0.0005,0.001500000013038516,14.0
F,0.815,0.055,1.13,2.8255,0.001,0.0005,0.001500000013038516,12.0
F,0.075,0.055,1.13,2.8255,0.001,0.0005,1.0049999952316284,6.0
F,0.815,0.055,1.13,2.8255,0.001,0.0005,0.001500000013038516,14.0
M,0.815,0.055,1.13,2.8255,0.001,0.0005,0.001500000013038516,18.0
F,0.075,0.65,1.13,2.8255,0.001,0.0005,0.001500000013038516,16.0
F,0.815,0.055,1.13,2.8255,0.001,0.0005,0.001500000013038516,10.0
F,0.075,0.65,1.13,2.8255,0.001,0.0005,0.001500000013038516,12.0
F,0.815,0.055,1.13,2.8255,0.001,0.0005,0.001500000013038516,14.0
F,0.815,0.055,1.13,2.8255,0.001,0.0005,0.001500000013038516,13.0
M,0.075,0.055,1.13,2.8255,0.001,0.0005,0.001500000013038516,18.0
F,0.815,0.055,1.13,2.8255,0.001,0.0005,0.001500000013038516,5.0
F,0.075,0.65,1.13,2.8255,0.001,0.0005,0.001500000013038516,10.0
M,0.075,0.055,1.13,2.8255,0.001,0.0005,0.001500000013038516,18.0
F,0.815,0.055,1.13,2.8255,0.001,0.0005,0.001500000013038516,12.0
M,0.815,0.055,1.13,2.8255,0.001,0.0005,0.001500000013038516,16.0
F,0.815,0.055,1.13,2.8255,0.001,0.0005,0.001500000013038516,12.0
F,0.075,0.65,1.13,2.8255,0.001,0.0005,0.001500000013038516,5.0
I,0.815,0.055,0.0,2.8255,0.001,0.0005,0.001500000013038516,9.0
F,0.075,0.65,1.13,2.8255,0.001,0.0005,0.001500000013038516,14.0
F,0.815,0.055,1.13,2.8255,0.001,0.0005,0.001500000013038516,16.0
F,0.075,0.65,1.13,2.8255,0.001,0.0005,1.0049999952316284,6.0
F,0.075,0.65,1.13,2.8255,0.001,0.0005,0.001500000013038516,14.0
F,0.815,0.055,1.13,2.8255,0.001,0.0005,1.0049999952316284,6.0
F,0.075,0.055,1.13,2.8255,0.001,0.0005,1.0049999952316284,10.0
F,0.075,0.65,1.13,2.8255,0.001,0.0005,0.001500000013038516,10.0
M,0.075,0.055,1.13,2.8255,0.001,0.0005,0.001500000013038516,4.0
F,0.075,0.055,1.13,2.8255,0.001,0.0005,0.001500000013038516,12.0
I,0.815,0.055,0.0,2.8255,0.001,0.0005,0.001500000013038516,12.0
F,0.075,0.65,1.13,2.8255,0.001,0.0005,0.001500000013038516,10.0
F,0.815,0.055,1.13,2.8255,0.001,0.0005,0.001500000013038516,12.0
M,0.075,0.65,1.13,2.8255,0.001,0.0005,0.001500000013038516,16.0
M,0.815,0.055,1.13,2.8255,0.001,0.0005,0.001500000013038516,16.0
F,0.815,0.055,1.13,2.8255,0.001,0.0005,0.001500000013038516,12.0
F,0.815,0.055,1.13,2.8255,0.001,0.0005,0.001500000013038516,12.0
M,0.075,0.65,1.13,2.8255,0.001,0.0005,0.001500000013038516,16.0
F,0.075,0.65,1.13,2.8255,0.001,0.0005,0.001500000013038516,16.0
F,0.075,0.65,1.13,2.8255,0.001,0.0005,0.001500000013038516,10.0
F,0.075,0.65,0.0,2.8255,0.001,0.0005,0.001500000013038516,15.0
F,0.075,0.65,1.13,2.8255,0.001,0.0005,0.001500000013038516,14.0
F,0.075,0.65,1.13,2.8255,0.001,0.0005,0.001500000013038516,10.0
F,0.075,0.65,1.13,2.8255,0.001,0.0005,0.001500000013038516,14.0
F,0.075,0.055,1.13,2.8255,0.001,0.0005,0.001500000013038516,10.0
F,0.815,0.055,1.13,2.8255,0.001,0.0005,0.001500000013038516,10.0
F,0.075,0.65,1.13,2.8255,0.001,0.0005,0.001500000013038516,10.0
F,0.075,0.65,1.13,2.8255,0.001,0.0005,0.001500000013038516,5.0
F,0.075,0.055,1.13,2.8255,0.001,0.0005,0.001500000013038516,10.0
I,0.815,0.055,1.13,2.8255,0.001,0.0005,0.001500000013038516,16.0
F,0.075,0.055,1.13,2.8255,0.001,0.0005,0.001500000013038516,10.0
F,0.075,0.65,0.0,2.8255,0.001,0.0005,1.0049999952316284,10.0
F,0.075,0.055,1.13,2.8255,0.001,0.0005,1.0049999952316284,6.0
F,0.075,0.055,1.13,2.8255,0.001,0.0005,0.001500000013038516,12.0
F,0.075,0.65,0.0,2.8255,0.001,0.0005,1.0049999952316284,18.0
F,0.075,0.055,1.13,2.8255,0.001,0.0005,0.001500000013038516,12.0
F,0.075,0.65,1.13,2.8255,0.001,0.0005,0.001500000013038516,5.0
F,0.075,0.65,1.13,2.8255,0.001,0.0005,0.001500000013038516,10.0
F,0.075,0.65,1.13,2.8255,0.001,0.0005,0.001500000013038516,14.0
F,0.815,0.055,1.13,2.8255,0.001,0.0005,0.001500000013038516,12.0
F,0.075,0.65,1.13,2.8255,0.001,0.0005,0.001500000013038516,10.0
F,0.815,0.055,1.13,2.8255,0.001,0.0005,0.001500000013038516,10.0
F,0.815,0.055,1.13,2.8255,0.001,0.0005,0.001500000013038516,12.0
F,0.815,0.055,1.13,2.8255,0.001,0.0005,0.001500000013038516,12.0
F,0.815,0.055,1.13,2.8255,0.001,0.0005,0.001500000013038516,12.0
F,0.815,0.055,1.13,2.8255,0.001,0.0005,0.001500000013038516,12.0
F,0.815,0.055,1.13,2.8255,0.001,0.0005,0.001500000013038516,14.0
M,0.075,0.65,1.13,2.8255,0.001,0.0005,0.001500000013038516,18.0
F,0.075,0.65,1.13,2.8255,0.001,0.0005,0.001500000013038516,10.0
F,0.075,0.055,1.13,2.8255,0.001,0.0005,0.001500000013038516,4.0
F,0.815,0.055,1.13,2.8255,0.001,0.0005,0.001500000013038516,12.0
F,0.075,0.055,1.13,2.8255,0.001,0.0005,0.001500000013038516,12.0
F,0.075,0.65,1.13,2.8255,0.001,0.0005,0.001500000013038516,14.0
I,0.815,0.055,0.0,2.8255,0.001,0.0005,0.001500000013038516,16.0
F,0.815,0.055,1.13,2.8255,0.001,0.0005,0.001500000013038516,12.0
F,0.815,0.055,1.13,2.8255,0.001,0.0005,0.001500000013038516,10.0
F,0.075,0.65,1.13,2.8255,0.001,0.0005,1.0049999952316284,6.0
F,0.075,0.65,1.13,2.8255,0.001,0.0005,0.001500000013038516,16.0
M,0.075,0.65,0.0,2.8255,0.001,0.0005,0.001500000013038516,18.0
M,0.075,0.65,1.13,2.8255,0.001,0.0005,0.001500000013038516,16.0
F,0.075,0.65,0.0,2.8255,0.001,0.0005,0.001500000013038516,5.0
F,0.815,0.055,1.13,2.8255,0.001,0.0005,0.001500000013038516,12.0
F,0.075,0.65,1.13,2.8255,0.001,0.0005,0.001500000013038516,16.0
M,0.815,0.055,1.13,2.8255,0.001,0.0005,0.001500000013038516,14.0
F,0.075,0.055,1.13,2.8255,0.001,0.0005,0.001500000013038516,14.0
F,0.075,0.65,1.13,2.8255,0.001,0.0005,0.001500000013038516,10.0
F,0.815,0.055,1.13,2.8255,0.001,0.0005,1.0049999952316284,10.0
F,0.815,0.055,1.13,1.4563265,0.001,0.0005,0.001500000013038516,4.0
F,0.815,0.055,1.13,2.8255,0.001,0.0005,0.001500000013038516,12.0
M,0.075,0.65,0.0,2.8255,0.001,0.0005,0.001500000013038516,15.0
F,0.815,0.055,1.13,2.8255,0.001,0.0005,0.001500000013038516,12.0
F,0.815,0.055,1.13,2.8255,0.001,0.0005,0.001500000013038516,12.0
M,0.075,0.65,1.13,2.8255,0.001,0.0005,0.001500000013038516,16.0
I,0.815,0.055,0.0,2.8255,0.001,0.0005,0.001500000013038516,12.0
M,0.815,0.055,1.13,2.8255,0.001,0.0005,0.001500000013038516,14.0
F,0.815,0.055,1.13,2.8255,0.001,0.0005,0.001500000013038516,12.0
F,0.815,0.055,1.13,2.8255,0.001,0.0005,0.001500000013038516,12.0
F,0.075,0.65,1.13,2.8255,0.001,0.0005,0.001500000013038516,16.0
F,0.075,0.65,1.13,2.8255,0.001,0.0005,0.001500000013038516,12.0
F,0.815,0.055,1.13,2.8255,0.001,0.0005,0.001500000013038516,4.0
F,0.815,0.055,1.13,2.8255,0.001,0.0005,0.001500000013038516,10.0
F,0.075,0.65,1.13,2.8255,0.001,0.0005,0.001500000013038516,10.0
F,0.815,0.055,1.13,2.8255,0.001,0.0005,0.001500000013038516,12.0
F,0.075,0.65,1.13,2.8255,0.001,0.0005,0.001500000013038516,10.0
F,0.075,0.055,1.13,2.8255,0.001,0.0005,0.001500000013038516,14.0
F,0.075,0.65,1.13,2.8255,0.001,0.0005,0.001500000013038516,10.0
F,0.815,0.055,1.13,2.8255,0.001,0.0005,0.001500000013038516,12.0
F,0.075,0.055,1.13,2.8255,0.001,0.0005,0.001500000013038516,12.0
F,0.075,0.65,1.13,2.8255,0.001,0.0005,0.001500000013038516,5.0
F,0.075,0.65,1.13,2.8255,0.001,0.0005,0.001500000013038516,10.0
M,0.815,0.055,0.0,2.8255,0.001,0.0005,0.001500000013038516,18.0
F,0.815,0.055,1.13,2.8255,0.001,0.0005,0.001500000013038516,12.0
F,0.815,0.055,1.13,2.8255,0.001,0.0005,0.001500000013038516,12.0
F,0.075,0.65,1.13,2.8255,0.001,0.0005,0.001500000013038516,10.0
F,0.075,0.055,1.13,2.8255,0.001,0.0005,0.001500000013038516,10.0
F,0.075,0.65,1.13,2.8255,0.001,0.0005,0.001500000013038516,14.0
F,0.075,0.055,1.13,2.8255,0.001,0.0005,0.001500000013038516,12.0
M,0.075,0.65,0.0,2.8255,0.001,0.0005,0.001500000013038516,5.0
F,0.075,0.055,1.13,2.8255,0.001,0.0005,0.001500000013038516,10.0
F,0.815,0.055,1.13,2.8255,0.001,0.0005,0.001500000013038516,14.0
F,0.815,0.055,1.13,2.8255,0.001,0.0005,0.001500000013038516,12.0
F,0.075,0.65,1.13,0.002,0.001,0.0005,0.001500000013038516,16.0
F,0.075,0.65,0.0,2.8255,0.001,0.0005,0.001500000013038516,5.0
F,0.075,0.65,1.13,2.8255,0.001,0.0005,0.001500000013038516,14.0
M,0.075,0.65,1.13,2.8255,0.001,0.0005,0.001500000013038516,14.0
F,0.075,0.055,1.13,2.8255,0.001,0.0005,0.001500000013038516,12.0
F,0.815,0.055,1.13,2.8255,0.001,0.0005,0.001500000013038516,12.0
F,0.075,0.65,1.13,2.8255,0.001,0.0005,1.0049999952316284,6.0
F,0.075,0.65,1.13,2.8255,0.001,0.0005,0.001500000013038516,10.0
M,0.075,0.65,0.0,2.8255,0.001,0.0005,0.001500000013038516,4.0
F,0.075,0.055,1.13,2.8255,0.001,0.0005,0.001500000013038516,10.0
F,0.815,0.055,1.13,2.8255,0.001,0.0005,0.001500000013038516,12.0
F,0.815,0.055,1.13,2.8255,0.001,0.0005,0.001500000013038516,10.0
F,0.815,0.055,1.13,2.8255,0.001,0.0005,0.001500000013038516,12.0
F,0.075,0.65,0.0,2.8255,0.001,0.0005,1.0049999952316284,18.0
M,0.815,0.055,1.13,2.8255,0.001,0.0005,0.001500000013038516,18.0
F,0.075,0.65,1.13,2.8255,0.001,0.0005,0.001500000013038516,14.0
F,0.075,0.65,1.13,2.8255,0.001,0.0005,1.0049999952316284,6.0
F,0.075,0.65,1.13,2.8255,0.001,0.0005,1.0049999952316284,18.0
F,0.075,0.65,1.13,2.8255,0.001,0.0005,0.001500000013038516,14.0
I,0.075,0.65,1.13,2.8255,0.001,0.0005,1.0049999952316284,10.0
F,0.075,0.65,1.13,2.8255,0.001,0.0005,0.001500000013038516,10.0
F,0.075,0.65,1.13,2.8255,0.001,0.0005,0.001500000013038516,10.0
M,0.075,0.65,1.13,2.8255,0.001,0.0005,0.001500000013038516,16.0
M,0.815,0.055,1.13,2.8255,0.001,0.0005,0.001500000013038516,16.0
I,0.815,0.055,1.1266086,2.8255,0.001,0.0005,1.0049999952316284,7.0
F,0.075,0.65,1.13,2.8255,0.001,0.0005,0.001500000013038516,10.0
F,0.075,0.65,1.13,2.8255,0.001,0.0005,1.0049999952316284,6.0
F,0.075,0.65,1.13,2.8255,0.001,0.0005,0.001500000013038516,14.0
M,0.815,0.055,0.0,2.8255,0.001,0.0005,0.001500000013038516,5.0
F,0.075,0.65,1.13,2.8255,0.001,0.0005,0.001500000013038516,10.0
F,0.075,0.65,1.13,2.8255,0.001,0.0005,0.001500000013038516,14.0
F,0.815,0.055,1.13,2.8255,0.001,0.0005,0.001500000013038516,12.0
F,0.075,0.65,1.13,2.8255,0.001,0.0005,0.001500000013038516,5.0
F,0.815,0.055,1.13,2.8255,0.001,0.0005,0.001500000013038516,18.0
F,0.075,0.65,1.13,2.8255,0.001,0.0005,0.001500000013038516,10.0
M,0.075,0.055,1.13,2.8255,0.001,0.0005,0.001500000013038516,16.0
F,0.075,0.65,1.13,2.8255,0.001,0.0005,0.001500000013038516,10.0
F,0.815,0.055,1.13,2.8255,0.001,0.0005,0.001500000013038516,12.0
F,0.075,0.65,1.13,2.8255,0.001,0.0005,0.001500000013038516,10.0
F,0.815,0.055,1.13,2.8255,0.001,0.0005,0.001500000013038516,12.0
F,0.075,0.65,1.13,2.8255,0.001,0.0005,0.001500000013038516,10.0
F,0.815,0.055,1.13,2.8255,0.001,0.0005,0.001500000013038516,12.0
F,0.815,0.055,1.13,2.8255,0.001,0.0005,0.001500000013038516,12.0
F,0.075,0.65,1.13,2.8255,0.001,0.0005,0.001500000013038516,5.0
F,0.815,0.055,1.13,2.8255,0.001,0.0005,0.001500000013038516,12.0
F,0.815,0.055,1.13,2.8255,0.001,0.0005,0.001500000013038516,18.0
M,0.815,0.055,1.13,2.8255,0.001,0.0005,0.001500000013038516,16.0
F,0.815,0.055,1.13,2.8255,0.001,0.0005,0.001500000013038516,12.0
F,0.075,0.055,1.13,2.8255,0.001,0.0005,0.001500000013038516,12.0
F,0.815,0.055,1.13,2.8255,0.001,0.0005,0.001500000013038516,12.0
F,0.075,0.055,1.13,2.8255,0.001,0.0005,0.001500000013038516,10.0
F,0.075,0.055,1.13,2.8255,0.001,0.0005,0.001500000013038516,12.0
F,0.815,0.055,1.13,2.8255,0.001,0.0005,0.001500000013038516,10.0
F,0.075,0.65,1.13,2.8255,0.001,0.0005,0.001500000013038516,14.0
F,0.075,0.65,1.13,2.8255,0.001,0.0005,1.0049999952316284,18.0
F,0.075,0.65,1.13,2.8255,0.001,0.0005,0.001500000013038516,5.0
F,0.075,0.65,1.13,2.8255,0.001,0.0005,0.001500000013038516,14.0
F,0.075,0.055,1.13,2.8255,0.001,0.0005,0.001500000013038516,10.0
F,0.075,0.65,1.13,2.8255,0.001,0.0005,0.001500000013038516,14.0
F,0.815,0.055,1.13,2.8255,0.001,0.0005,0.001500000013038516,10.0
F,0.075,0.65,1.13,2.8255,0.001,0.0005,1.0049999952316284,5.0
F,0.075,0.055,1.13,2.8255,0.001,0.0005,0.001500000013038516,14.0
M,0.075,0.65,1.13,2.8255,0.001,0.0005,0.001500000013038516,16.0
F,0.815,0.055,1.13,2.8255,0.001,0.0005,0.001500000013038516,12.0
F,0.075,0.65,1.13,2.8255,0.001,0.0005,0.001500000013038516,16.0
F,0.075,0.65,1.13,2.8255,0.001,0.0005,0.001500000013038516,16.0
F,0.075,0.055,1.13,2.8255,0.001,0.0005,0.001500000013038516,14.0
F,0.815,0.055,1.13,2.8255,0.001,0.0005,0.001500000013038516,5.0
F,0.075,0.055,1.13,2.8255,0.001,0.0005,0.001500000013038516,10.0
F,0.075,0.055,1.13,2.8255,0.001,0.0005,1.0049999952316284,10.0
F,0.075,0.65,1.13,2.8255,0.001,0.0005,0.001500000013038516,16.0
F,0.815,0.055,1.13,2.8255,0.001,0.0005,0.001500000013038516,12.0
F,0.075,0.65,1.13,2.8255,0.001,0.0005,1.0049999952316284,6.0
F,0.075,0.65,1.13,2.8255,0.001,0.0005,0.001500000013038516,10.0
F,0.815,0.055,1.13,2.8255,0.001,0.0005,0.001500000013038516,10.0
I,0.815,0.055,0.0,2.8255,0.001,0.0005,0.001500000013038516,12.0
F,0.815,0.055,1.13,2.8255,0.001,0.0005,0.001500000013038516,18.0
M,0.075,0.055,1.13,2.8255,0.001,0.0005,0.001500000013038516,16.0
F,0.815,0.055,1.13,2.8255,0.001,0.0005,0.001500000013038516,12.0
F,0.075,0.65,1.13,2.8255,0.001,0.0005,1.0049999952316284,10.0
F,0.075,0.055,1.13,2.8255,0.001,0.0005,0.001500000013038516,10.0
F,0.815,0.055,1.13,2.8255,0.001,0.0005,0.001500000013038516,12.0
F,0.075,0.65,1.13,2.8255,0.001,0.0005,0.001500000013038516,16.0
F,0.075,0.055,1.13,2.8255,0.001,0.0005,0.001500000013038516,14.0
F,0.075,0.65,0.0,2.8255,0.001,0.0005,1.0049999952316284,10.0
M,0.815,0.055,0.0,2.8255,0.001,0.0005,0.001500000013038516,16.0
F,0.075,0.65,1.13,2.8255,0.001,0.0005,0.001500000013038516,10.0
I,0.815,0.055,1.13,2.8255,0.001,0.0005,0.0015013787196949124,9.0
F,0.075,0.65,1.13,2.8255,0.001,0.0005,0.001500000013038516,10.0
F,0.075,0.65,1.13,2.8255,0.001,0.0005,0.001500000013038516,16.0
F,0.815,0.055,1.13,2.8255,0.001,0.0005,0.001500000013038516,10.0
F,0.815,0.055,1.13,2.8255,0.001,0.0005,0.001500000013038516,10.0
F,0.815,0.055,1.13,2.8255,0.001,0.0005,0.001500000013038516,10.0
F,0.075,0.65,1.13,2.8255,0.001,0.0005,0.001500000013038516,14.0
M,0.815,0.055,1.13,2.8255,0.001,0.0005,0.001500000013038516,18.0
F,0.075,0.65,1.13,2.8255,0.001,0.0005,0.001500000013038516,12.0
F,0.075,0.65,1.13,2.8255,0.001,0.0005,0.001500000013038516,17.0
F,0.075,0.055,1.13,2.8255,0.001,0.0005,0.001500000013038516,10.0
F,0.075,0.65,1.13,2.8255,0.001,0.0005,1.0049999952316284,10.0
F,0.815,0.055,1.13,2.8255,0.001,0.0005,0.001500000013038516,12.0
F,0.075,0.65,1.13,2.8255,0.001,0.0005,0.001500000013038516,16.0
F,0.075,0.65,1.13,2.8255,0.001,0.0005,0.001500000013038516,10.0
F,0.075,0.055,1.13,2.8255,0.001,0.0005,0.001500000013038516,12.0
F,0.075,0.65,1.13,2.8255,0.001,0.0005,0.001500000013038516,10.0
F,0.815,0.055,1.13,2.8255,0.001,0.0005,0.001500000013038516,12.0
F,0.075,0.65,0.0,2.8255,0.001,0.0005,1.0049999952316284,18.0
F,0.815,0.055,1.13,2.8255,0.001,0.0005,0.001500000013038516,12.0
F,0.075,0.65,0.0,2.8255,0.001,0.0005,1.0049999952316284,10.0
F,0.075,0.65,1.13,2.8255,0.001,0.0005,0.001500000013038516,16.0
F,0.815,0.055,1.13,2.8255,0.001,0.0005,0.001500000013038516,12.0
F,0.815,0.055,1.13,2.8255,0.001,0.0005,0.001500000013038516,14.0
I,0.815,0.055,0.0,2.8255,0.001,0.0005,0.001500000013038516,18.0
M,0.815,0.055,1.13,2.8255,0.001,0.0005,0.001500000013038516,18.0
F,0.815,0.055,1.13,2.8255,0.001,0.0005,0.001500000013038516,18.0
F,0.815,0.055,1.13,2.8255,0.001,0.0005,0.001500000013038516,12.0
F,0.075,0.055,1.13,2.8255,0.001,0.0005,0.001500000013038516,10.0
F,0.075,0.65,1.13,2.8255,0.001,0.0005,0.001500000013038516,16.0
F,0.815,0.055,1.13,2.8255,0.001,0.0005,0.001500000013038516,12.0
F,0.075,0.65,1.13,2.8255,0.001,0.0005,0.001500000013038516,5.0
F,0.075,0.055,1.13,2.8255,0.001,0.0005,0.001500000013038516,10.0
F,0.815,0.055,1.13,2.8255,0.001,0.0005,0.001500000013038516,12.0
F,0.075,0.65,1.13,2.8255,0.001,0.0005,0.001500000013038516,10.0
F,0.815,0.055,1.13,2.8255,0.001,0.0005,0.001500000013038516,14.0
M,0.075,0.65,1.13,2.8255,0.001,0.0005,0.001500000013038516,16.0
F,0.075,0.65,1.13,2.8255,0.001,0.0005,0.001500000013038516,5.0
F,0.815,0.055,1.13,2.8255,0.001,0.0005,0.001500000013038516,12.0
M,0.075,0.65,1.13,2.8255,0.001,0.0005,0.001500000013038516,16.0
F,0.815,0.055,1.13,2.8255,0.001,0.0005,0.001500000013038516,12.0
F,0.815,0.055,1.13,2.8255,0.001,0.0005,0.001500000013038516,18.0
F,0.075,0.65,1.13,2.8255,0.001,0.0005,0.001500000013038516,10.0
F,0.075,0.055,1.13,2.8255,0.001,0.0005,0.001500000013038516,14.0
F,0.075,0.65,1.13,2.8255,0.001,0.0005,1.0049999952316284,6.0
F,0.815,0.055,1.13,2.8255,0.001,0.0005,0.001500000013038516,9.0
F,0.815,0.055,1.13,2.8255,0.001,0.0005,0.001500000013038516,12.0
F,0.075,0.65,1.13,2.8255,0.001,0.0005,0.001500000013038516,14.0
F,0.815,0.055,1.13,2.8255,0.001,0.0005,0.001500000013038516,12.0
F,0.075,0.65,1.13,2.8255,0.001,0.0005,1.0049999952316284,10.0
F,0.075,0.65,1.13,2.8255,0.001,0.0005,1.0049999952316284,6.0
F,0.075,0.055,1.13,2.8255,0.001,0.0005,0.001500000013038516,12.0
F,0.075,0.65,1.13,2.8255,0.001,0.0005,0.001500000013038516,16.0
F,0.075,0.65,1.13,2.8255,0.001,0.0005,0.001500000013038516,10.0
F,0.815,0.055,1.13,2.8255,0.001,0.0005,0.001500000013038516,12.0
F,0.815,0.055,1.13,2.8255,0.001,0.0005,0.001500000013038516,10.0
F,0.075,0.65,1.13,2.8255,0.001,0.0005,0.001500000013038516,17.0
F,0.815,0.055,1.13,2.8255,0.001,0.0005,0.001500000013038516,12.0
F,0.075,0.65,1.13,2.8255,0.001,0.0005,0.001500000013038516,10.0
F,0.815,0.055,1.13,2.8255,0.001,0.0005,0.001500000013038516,12.0
F,0.075,0.65,1.13,2.8255,0.001,0.0005,0.001500000013038516,10.0
F,0.815,0.055,1.13,2.8255,0.001,0.0005,0.001500000013038516,12.0
M,0.075,0.65,1.13,2.8255,0.001,0.0005,0.001500000013038516,16.0
I,0.815,0.055,0.0,2.8255,0.001,0.0005,0.001500000013038516,12.0
F,0.815,0.055,1.13,2.8255,0.001,0.0005,0.001500000013038516,12.0
F,0.075,0.055,1.13,2.8255,0.001,0.0005,0.001500000013038516,10.0
F,0.075,0.65,1.13,2.8255,0.001,0.0005,0.001500000013038516,5.0
F,0.815,0.055,1.13,2.8255,0.001,0.0005,0.001500000013038516,4.0
F,0.815,0.055,1.13,2.8255,0.001,0.0005,0.001500000013038516,18.0
F,0.075,0.65,1.13,2.8255,0.001,0.0005,0.001500000013038516,10.0
F,0.075,0.6422654,1.13,2.8255,0.001,0.0005,1.0049999952316284,6.0
F,0.075,0.055,1.13,2.8255,0.001,0.0005,1.0049999952316284,6.0
F,0.815,0.055,1.13,2.8255,0.001,0.0005,1.0049999952316284,6.0
F,0.075,0.65,1.13,2.8255,0.001,0.0005,0.001500000013038516,16.0
F,0.075,0.65,1.13,2.8255,0.001,0.0005,0.001500000013038516,16.0
F,0.075,0.65,0.0,2.8255,0.001,0.0005,0.001500000013038516,10.0
F,0.815,0.055,1.13,2.8255,0.001,0.0005,0.001500000013038516,10.0
F,0.075,0.65,1.13,2.8255,0.001,0.0005,0.001500000013038516,10.0
F,0.075,0.65,1.13,2.8255,0.001,0.0005,0.001500000013038516,14.0
I,0.815,0.055,0.0,2.8255,0.001,0.0005,0.001500000013038516,14.0
F,0.075,0.65,1.13,2.8255,0.001,0.0005,0.001500000013038516,10.0
F,0.815,0.055,1.13,2.8255,0.001,0.0005,0.001500000013038516,12.0
F,0.075,0.65,1.13,2.8255,0.001,0.0005,0.001500000013038516,10.0
F,0.075,0.65,1.13,2.8255,0.001,0.0005,0.001500000013038516,10.0
M,0.815,0.055,1.13,2.8255,0.001,0.0005,0.001500000013038516,5.0
F,0.075,0.055,1.13,2.8255,0.001,0.0005,0.001500000013038516,14.0
F,0.075,0.65,1.13,2.8255,0.001,0.0005,0.001500000013038516,16.0
F,0.075,0.65,0.0,2.8255,0.001,0.0005,0.001500000013038516,5.0
F,0.815,0.055,1.13,2.8255,0.001,0.0005,0.001500000013038516,12.0
F,0.075,0.65,1.13,2.8255,0.001,0.0005,0.001500000013038516,5.0
F,0.815,0.055,1.13,2.8255,0.001,0.0005,0.001500000013038516,18.0
F,0.075,0.65,1.13,2.8255,0.001,0.0005,0.001500000013038516,16.0
F,0.075,0.65,1.13,2.8255,0.001,0.0005,0.001500000013038516,10.0
M,0.075,0.65,1.13,2.8255,0.001,0.0005,0.001500000013038516,16.0
F,0.815,0.055,1.13,2.8255,0.001,0.0005,0.001500000013038516,12.0
F,0.815,0.055,1.13,2.8255,0.001,0.0005,0.001500000013038516,14.0
F,0.815,0.055,1.13,2.8255,0.001,0.0005,0.001500000013038516,14.0
F,0.815,0.055,1.13,2.8255,0.001,0.0005,0.001500000013038516,12.0
M,0.075,0.65,1.13,2.8255,0.001,0.0005,0.001500000013038516,16.0
F,0.815,0.055,1.13,2.8255,0.001,0.0005,0.001500000013038516,12.0
F,0.075,0.65,1.13,2.8255,0.001,0.0005,0.001500000013038516,17.0
F,0.075,0.055,1.13,2.8255,0.001,0.0005,0.001500000013038516,10.0
F,0.075,0.65,1.13,2.8255,0.001,0.0005,0.001500000013038516,14.0
F,0.075,0.055,1.13,2.8255,0.001,0.0005,0.001500000013038516,14.0
F,0.815,0.055,1.13,2.8255,0.001,0.0005,0.001500000013038516,10.0
F,0.075,0.65,1.13,2.8255,0.001,0.0005,0.001500000013038516,5.0
I,0.815,0.055,1.13,2.8255,0.001,0.0005,1.0049999952316284,11.0
F,0.815,0.055,1.13,2.8255,0.001,0.0005,0.001500000013038516,12.0
F,0.815,0.055,1.13,2.8255,0.001,0.0005,0.001500000013038516,12.0
M,0.815,0.055,1.13,2.8255,0.001,0.0005,0.001500000013038516,14.0
F,0.815,0.055,1.13,2.8255,0.001,0.0005,0.001500000013038516,12.0
F,0.815,0.055,1.13,2.8255,0.001,0.0005,0.001500000013038516,12.0
F,0.075,0.65,1.13,2.8255,0.001,0.0005,0.001500000013038516,16.0
M,0.075,0.65,1.13,2.8255,0.001,0.0005,0.001500000013038516,16.0
F,0.075,0.65,1.13,2.8255,0.001,0.0005,0.001500000013038516,10.0
F,0.815,0.055,1.13,2.8255,0.001,0.0005,0.001500000013038516,10.0
F,0.815,0.055,1.13,2.8255,0.001,0.0005,0.001500000013038516,12.0
F,0.075,0.65,1.13,2.8255,0.001,0.0005,0.001500000013038516,14.0
F,0.075,0.65,1.13,2.8255,0.001,0.0005,0.001500000013038516,14.0
M,0.075,0.65,1.13,2.8255,0.001,0.0005,0.001500000013038516,16.0
F,0.075,0.65,1.13,2.8255,0.001,0.0005,0.001500000013038516,5.0
F,0.075,0.65,1.13,2.8255,0.001,0.0005,1.0049999952316284,10.0
M,0.815,0.055,0.0,2.8255,0.001,0.0005,0.001500000013038516,17.0
F,0.075,0.65,1.13,2.8255,0.001,0.0005,0.001500000013038516,10.0
F,0.815,0.055,1.13,2.8255,0.001,0.0005,0.001500000013038516,12.0
F,0.075,0.65,1.13,2.8255,0.001,0.0005,0.001500000013038516,5.0
F,0.075,0.65,1.13,2.8255,0.001,0.0005,1.0049999952316284,18.0
F,0.815,0.055,1.13,2.8255,0.001,0.0005,0.001500000013038516,10.0
F,0.075,0.055,1.13,2.8255,0.001,0.0005,0.001500000013038516,14.0
F,0.075,0.65,1.13,2.8255,0.001,0.0005,0.001500000013038516,10.0
F,0.075,0.055,1.13,2.8255,0.001,0.0005,0.001500000013038516,10.0
F,0.075,0.65,1.13,2.8255,0.001,0.0005,0.001500000013038516,16.0
F,0.075,0.055,1.13,2.8255,0.001,0.0005,0.001500000013038516,12.0
F,0.075,0.65,1.13,2.8255,0.001,0.0005,0.001500000013038516,5.0
F,0.075,0.65,1.13,2.8255,0.001,0.0005,0.001500000013038516,5.0
F,0.815,0.055,1.13,2.8255,0.001,0.0005,0.001500000013038516,5.0
F,0.075,0.055,1.13,2.8255,0.001,0.0005,0.001500000013038516,12.0
F,0.075,0.65,1.13,2.8255,0.001,0.0005,1.0049999952316284,10.0
F,0.815,0.055,1.13,2.8255,0.001,0.0005,0.001500000013038516,10.0
F,0.815,0.055,1.13,2.8255,0.001,0.0005,0.001500000013038516,18.0
F,0.075,0.65,1.13,2.8255,0.001,0.0005,0.001500000013038516,14.0
F,0.075,0.65,1.13,2.8255,0.001,0.0005,0.001500000013038516,16.0
F,0.815,0.055,1.13,2.8255,0.001,0.0005,0.001500000013038516,7.0
M,0.815,0.055,1.13,2.8255,0.001,0.0005,0.001500000013038516,16.0
F,0.075,0.65,1.13,2.8255,0.001,0.0005,0.001500000013038516,10.0
F,0.815,0.055,1.13,2.8255,0.001,0.0005,0.001500000013038516,10.0
F,0.815,0.055,1.13,2.8255,0.001,0.0005,1.0049999952316284,12.0
F,0.075,0.65,1.13,2.8255,0.001,0.0005,0.001500000013038516,14.0
F,0.075,0.65,1.13,2.8255,0.001,0.0005,0.001500000013038516,10.0
F,0.075,0.055,1.13,2.8255,0.001,0.0005,0.001500000013038516,18.0
F,0.815,0.055,1.13,2.8255,0.001,0.0005,0.001500000013038516,12.0
F,0.815,0.055,1.13,2.8255,0.001,0.0005,0.001500000013038516,12.0
F,0.815,0.055,1.13,2.8255,0.001,0.0005,0.001500000013038516,10.0
F,0.815,0.055,1.13,2.8255,0.001,0.0005,0.001500000013038516,12.0
F,0.815,0.055,1.13,2.8255,0.001,0.0005,0.001500000013038516,12.0
F,0.815,0.055,1.13,2.8255,0.001,0.0005,0.001500000013038516,12.0
F,0.075,0.65,1.13,2.8255,0.001,0.0005,1.0049999952316284,6.0
F,0.815,0.055,1.13,2.8255,0.001,0.0005,0.001500000013038516,12.0
F,0.815,0.055,1.13,2.8255,0.001,0.0005,0.001500000013038516,12.0
F,0.815,0.055,1.13,2.8255,0.001,0.0005,0.001500000013038516,10.0
F,0.075,0.65,1.13,2.8255,0.001,0.0005,0.001500000013038516,16.0
F,0.075,0.65,1.13,2.8255,0.001,0.0005,0.001500000013038516,5.0
F,0.815,0.055,1.13,2.8255,0.001,0.0005,0.001500000013038516,5.0
F,0.815,0.055,1.13,2.8255,0.001,0.0005,0.001500000013038516,14.0
F,0.815,0.055,1.13,2.8255,0.001,0.0005,0.001500000013038516,12.0
F,0.075,0.055,1.13,2.8255,0.001,0.0005,0.001500000013038516,10.0
F,0.075,0.65,1.13,2.8255,0.001,0.0005,0.001500000013038516,10.0
F,0.075,0.65,1.13,2.8255,0.001,0.0005,0.001500000013038516,16.0
F,0.815,0.055,1.13,2.8255,0.001,0.0005,1.0049999952316284,6.0
F,0.075,0.055,1.13,2.8255,0.001,0.0005,0.001500000013038516,12.0
M,0.815,0.055,1.13,2.8255,0.001,0.0005,0.001500000013038516,18.0
F,0.815,0.055,1.13,2.8255,0.001,0.0005,0.001500000013038516,10.0
M,0.815,0.055,1.13,2.8255,0.001,0.0005,0.001500000013038516,14.0
F,0.075,0.055,1.13,2.8255,0.001,0.0005,0.001500000013038516,10.0
M,0.075,0.65,1.13,2.8255,0.001,0.0005,0.001500000013038516,16.0
M,0.075,0.65,0.0,2.8255,0.001,0.0005,0.001500000013038516,16.0
F,0.815,0.055,1.13,2.8255,0.001,0.0005,0.001500000013038516,12.0
F,0.815,0.055,1.13,2.8255,0.001,0.0005,0.001500000013038516,12.0
F,0.075,0.65,1.13,2.8255,0.001,0.0005,0.001500000013038516,16.0
F,0.075,0.65,1.13,2.8255,0.001,0.0005,0.001500000013038516,18.0
F,0.075,0.055,1.13,2.8255,0.001,0.0005,0.001500000013038516,10.0
F,0.815,0.055,1.13,2.8255,0.001,0.0005,0.001500000013038516,18.0
F,0.075,0.65,1.13,2.8255,0.001,0.0005,1.0049999952316284,10.0
F,0.075,0.65,1.13,2.8255,0.001,0.0005,0.001500000013038516,16.0
F,0.075,0.65,1.13,2.8255,0.001,0.0005,0.001500000013038516,17.0
F,0.075,0.65,1.13,2.8255,0.001,0.0005,0.001500000013038516,10.0
F,0.815,0.055,1.13,2.8255,0.001,0.0005,0.001500000013038516,12.0
F,0.815,0.055,1.13,2.8255,0.001,0.0005,1.0049999952316284,10.0
F,0.075,0.65,1.13,2.8255,0.001,0.0005,0.001500000013038516,14.0
F,0.815,0.055,1.13,2.8255,0.001,0.0005,0.001500000013038516,10.0
F,0.075,0.65,1.13,2.8255,0.001,0.0005,0.001500000013038516,10.0
F,0.075,0.055,1.13,2.8255,0.001,0.0005,0.001500000013038516,12.0
F,0.815,0.055,0.0,2.8255,0.001,0.0005,0.001500000013038516,12.0
F,0.815,0.055,1.13,2.8255,0.001,0.0005,0.001500000013038516,12.0
F,0.075,0.055,1.13,2.8255,0.001,0.0005,0.001500000013038516,12.0
F,0.815,0.055,1.13,2.8255,0.001,0.0005,0.001500000013038516,12.0
F,0.815,0.055,1.13,2.8255,0.001,0.0005,0.001500000013038516,4.0
M,0.075,0.65,1.13,2.8255,0.001,0.0005,0.001500000013038516,16.0
M,0.075,0.65,1.13,2.8255,0.001,0.0005,0.001500000013038516,16.0
F,0.815,0.055,1.13,2.8255,0.001,0.0005,0.001500000013038516,5.0
F,0.075,0.055,1.13,2.8255,0.001,0.0005,0.001500000013038516,10.0
F,0.815,0.055,1.13,2.8255,0.001,0.0005,0.001500000013038516,12.0
I,0.815,0.055,0.0,2.8255,0.001,0.0005,0.001500000013038516,9.0
F,0.815,0.055,1.13,2.8255,0.001,0.0005,0.001500000013038516,12.0
F,0.815,0.055,1.13,2.8255,0.001,0.0005,0.001500000013038516,12.0
F,0.815,0.055,1.13,2.8255,0.001,0.0005,0.001500000013038516,12.0
M,0.815,0.055,1.13,2.8255,0.001,0.0005,0.001500000013038516,18.0
F,0.815,0.055,1.13,2.8255,0.001,0.0005,0.001500000013038516,10.0
F,0.815,0.055,1.13,2.8255,0.001,0.0005,0.001500000013038516,18.0
M,0.815,0.055,1.13,2.8255,0.001,0.0005,0.001500000013038516,18.0
I,0.815,0.055,0.0,2.8255,0.001,0.0005,0.001500000013038516,16.0
I,0.075,0.65,0.0,2.8255,0.001,0.0005,1.0049999952316284,18.0
F,0.815,0.055,1.13,2.8255,0.001,0.0005,0.001500000013038516,17.0
F,0.075,0.65,1.13,2.8255,0.001,0.0005,0.001500000013038516,18.0
F,0.815,0.055,1.13,2.8255,0.001,0.0005,0.001500000013038516,18.0
F,0.075,0.65,1.13,2.8255,0.001,0.0005,0.001500000013038516,16.0
F,0.075,0.65,1.13,2.8255,0.001,0.0005,0.001500000013038516,10.0
F,0.075,0.65,1.13,2.8255,0.001,0.0005,0.001500000013038516,16.0
F,0.075,0.65,1.13,2.8255,0.001,0.0005,0.001500000013038516,14.0
F,0.075,0.65,0.0,2.8255,0.001,0.0005,0.001500000013038516,10.0
F,0.075,0.65,1.13,2.8255,0.001,0.0005,0.001500000013038516,10.0
F,0.075,0.65,1.13,2.8255,0.001,0.0005,1.0049999952316284,10.0
M,0.815,0.055,1.13,2.8255,0.001,0.0005,0.001500000013038516,18.0
M,0.075,0.65,1.13,2.8255,0.001,0.0005,0.001500000013038516,5.0
F,0.075,0.055,1.13,2.8255,0.001,0.0005,0.001500000013038516,10.0
F,0.815,0.055,1.13,2.8255,0.001,0.0005,0.001500000013038516,10.0
F,0.075,0.65,1.13,2.8255,0.001,0.0005,1.0049999952316284,6.0
F,0.075,0.65,1.13,2.8255,0.001,0.0005,0.001500000013038516,16.0
M,0.815,0.055,1.13,2.8255,0.001,0.0005,0.001500000013038516,18.0
F,0.815,0.055,1.13,2.8255,0.001,0.0005,0.001500000013038516,14.0
F,0.815,0.055,1.13,2.8255,0.001,0.0005,0.001500000013038516,10.0
F,0.815,0.055,1.13,2.8255,0.001,0.0005,0.001500000013038516,10.0
F,0.815,0.055,1.13,2.8255,0.001,0.0005,0.001500000013038516,12.0
F,0.075,0.65,1.13,2.8255,0.001,0.0005,0.001500000013038516,5.0
F,0.075,0.65,1.13,2.8255,0.001,0.0005,0.001500000013038516,16.0
M,0.075,0.055,1.13,2.8255,0.001,0.0005,0.001500000013038516,14.0
F,0.815,0.055,1.13,2.8255,0.001,0.0005,0.001500000013038516,12.0
F,0.075,0.65,1.13,2.8255,0.001,0.0005,0.001500000013038516,14.0
F,0.815,0.055,1.13,2.8255,0.001,0.0005,0.001500000013038516,10.0
F,0.075,0.65,1.13,2.8255,0.001,0.0005,0.001500000013038516,14.0
F,0.815,0.055,1.13,2.8255,0.001,0.0005,0.001500000013038516,12.0
M,0.075,0.65,0.0,2.8255,0.001,0.0005,0.001500000013038516,15.0
F,0.075,0.65,1.13,2.8255,0.001,0.0005,1.0049999952316284,6.0
F,0.075,0.65,1.13,2.8255,0.001,0.0005,0.001500000013038516,10.0
F,0.075,0.65,1.13,2.8255,0.001,0.0005,0.001500000013038516,10.0
F,0.815,0.055,1.13,2.8255,0.001,0.0005,0.001500000013038516,12.0
F,0.075,0.055,1.13,2.8255,0.001,0.0005,0.001500000013038516,10.0
F,0.8126345,0.055,1.13,2.8255,0.001,0.0005,1.0049999952316284,11.0
F,0.815,0.055,1.13,2.8255,0.001,0.0005,0.001500000013038516,12.0
F,0.075,0.65,1.13,2.8255,0.001,0.0005,0.001500000013038516,10.0
F,0.815,0.055,1.13,2.8255,0.001,0.0005,0.001500000013038516,10.0
F,0.815,0.055,1.13,2.8255,0.001,0.0005,0.001500000013038516,12.0
F,0.075,0.055,1.13,2.8255,0.001,0.0005,1.0049999952316284,6.0
F,0.075,0.65,1.13,2.8255,0.001,0.0005,0.001500000013038516,14.0
F,0.815,0.055,1.13,2.8255,0.001,0.0005,0.001500000013038516,12.0
M,0.075,0.65,1.13,2.8255,0.001,0.0005,0.001500000013038516,16.0
F,0.075,0.65,1.13,2.8255,0.001,0.0005,0.001500000013038516,16.0
F,0.075,0.65,1.13,2.8255,0.001,0.0005,0.001500000013038516,14.0
F,0.075,0.055,1.13,2.8255,0.001,0.0005,0.001500000013038516,18.0
F,0.075,0.65,1.13,2.8255,0.001,0.0005,0.001500000013038516,10.0
F,0.075,0.65,1.13,2.8255,0.001,0.0005,1.0049999952316284,6.0
F,0.815,0.055,1.13,2.8255,0.001,0.0005,0.001500000013038516,18.0
M,0.075,0.65,0.0,2.8255,0.001,0.0005,1.0049999952316284,5.0
M,0.815,0.055,1.13,2.8255,0.001,0.0005,0.001500000013038516,18.0
I,0.815,0.055,1.13,2.8255,0.001,0.0005,1.0049999952316284,12.0
M,0.075,0.65,1.13,2.8255,0.001,0.0005,0.001500000013038516,16.0
F,0.075,0.055,1.13,2.8255,0.001,0.0005,0.001500000013038516,12.0
F,0.075,0.65,1.13,2.8255,0.001,0.0005,0.001500000013038516,10.0
M,0.075,0.65,1.13,2.8255,0.001,0.0005,0.001500000013038516,16.0
F,0.815,0.055,1.13,2.8255,0.001,0.0005,0.001500000013038516,10.0
F,0.815,0.055,1.13,2.8255,0.001,0.0005,0.001500000013038516,12.0
F,0.815,0.055,1.13,2.8255,0.001,0.0005,0.001500000013038516,10.0
F,0.075,0.055,1.13,2.8255,0.001,0.0005,0.001500000013038516,12.0
F,0.075,0.65,1.13,2.8255,0.001,0.0005,0.001500000013038516,16.0
F,0.815,0.055,1.13,2.8255,0.001,0.0005,0.001500000013038516,12.0
F,0.815,0.055,1.13,2.8255,0.001,0.0005,1.0049999952316284,12.0
F,0.815,0.055,1.13,2.8255,0.001,0.0005,0.001500000013038516,10.0
F,0.815,0.055,1.13,2.8255,0.001,0.0005,0.001500000013038516,12.0
F,0.815,0.055,1.13,2.8255,0.001,0.0005,0.001500000013038516,14.0
F,0.815,0.055,1.13,2.8255,0.001,0.0005,0.001500000013038516,12.0
F,0.075,0.65,1.13,2.8255,0.001,0.0005,0.001500000013038516,10.0
M,0.075,0.65,0.0,2.8255,0.001,0.0005,0.001500000013038516,13.0
F,0.075,0.055,1.13,2.8255,0.001,0.0005,0.001500000013038516,10.0
F,0.075,0.65,1.13,2.8255,0.001,0.0005,0.001500000013038516,10.0
F,0.075,0.055,1.13,2.8255,0.001,0.0005,1.0049999952316284,10.0
F,0.075,0.65,1.13,2.8255,0.001,0.0005,0.001500000013038516,10.0
F,0.815,0.055,1.13,2.8255,0.001,0.0005,0.001500000013038516,12.0
F,0.815,0.055,1.13,2.8255,0.001,0.0005,0.001500000013038516,10.0
F,0.815,0.055,1.13,2.8255,0.001,0.0005,0.001500000013038516,12.0
F,0.815,0.055,1.13,2.8255,0.001,0.0005,0.001500000013038516,12.0
F,0.075,0.65,1.13,2.8255,0.001,0.0005,1.0049999952316284,6.0
F,0.075,0.65,1.13,2.8255,0.001,0.0005,0.001500000013038516,10.0
F,0.075,0.65,0.0,2.8255,0.001,0.0005,1.0049999952316284,10.0
F,0.075,0.65,1.13,2.8255,0.001,0.0005,0.001500000013038516,10.0
M,0.075,0.65,1.13,2.8255,0.001,0.0005,0.001500000013038516,16.0
F,0.815,0.055,1.13,2.8255,0.001,0.0005,0.001500000013038516,10.0
F,0.815,0.055,1.13,2.8255,0.001,0.0005,0.001500000013038516,18.0
F,0.815,0.055,1.13,2.8255,0.001,0.0005,0.001500000013038516,14.0
F,0.075,0.65,1.13,2.8255,0.001,0.0005,1.0049999952316284,10.0
F,0.075,0.055,1.13,2.8255,0.001,0.0005,1.0049999952316284,6.0
F,0.815,0.055,1.13,2.8255,0.001,0.0005,0.001500000013038516,12.0
F,0.075,0.65,1.13,2.8255,0.001,0.0005,0.001500000013038516,10.0
F,0.075,0.65,1.13,2.8255,0.001,0.0005,0.001500000013038516,16.0
F,0.815,0.055,1.13,2.8255,0.001,0.0005,0.001500000013038516,5.0
M,0.815,0.055,1.13,2.8255,0.001,0.0005,0.001500000013038516,18.0
F,0.075,0.055,1.13,2.8255,0.001,0.0005,0.001500000013038516,10.0
F,0.815,0.055,1.13,2.8255,0.001,0.0005,0.001500000013038516,12.0
M,0.075,0.65,0.0,2.8255,0.001,0.0005,0.001500000013038516,4.0
M,0.075,0.65,0.0,2.8255,0.001,0.0005,0.001500000013038516,15.0
M,0.075,0.65,1.13,2.8255,0.001,0.0005,0.001500000013038516,16.0
F,0.075,0.055,1.13,2.8255,0.001,0.0005,0.001500000013038516,12.0
F,0.075,0.65,1.13,2.8255,0.001,0.0005,0.001500000013038516,16.0
F,0.815,0.055,1.13,2.8255,0.001,0.0005,0.001500000013038516,12.0
F,0.075,0.65,1.13,2.8255,0.001,0.0005,0.001500000013038516,17.0
F,0.075,0.65,1.13,2.8255,0.001,0.0005,0.001500000013038516,16.0
F,0.075,0.055,1.13,2.8255,0.001,0.0005,0.001500000013038516,10.0
F,0.075,0.65,1.13,2.8255,0.001,0.0005,0.001500000013038516,16.0
F,0.075,0.65,1.13,2.8255,0.001,0.0005,0.001500000013038516,10.0
F,0.815,0.055,1.13,2.8255,0.001,0.0005,0.001500000013038516,10.0
F,0.815,0.055,1.13,2.8255,0.001,0.0005,0.001500000013038516,10.0
M,0.815,0.055,1.13,2.8255,0.001,0.0005,0.001500000013038516,18.0
F,0.075,0.65,1.13,2.8255,0.001,0.0005,0.001500000013038516,10.0
F,0.075,0.65,1.13,2.8255,0.001,0.0005,0.001500000013038516,16.0
F,0.815,0.055,1.13,2.8255,0.001,0.0005,0.001500000013038516,10.0
F,0.815,0.055,1.13,2.8255,0.001,0.0005,0.001500000013038516,10.0
M,0.075,0.65,0.0,2.8255,0.001,0.0005,0.001500000013038516,5.0
F,0.815,0.055,1.13,2.8255,0.001,0.0005,0.001500000013038516,10.0
F,0.815,0.055,1.13,2.8255,0.001,0.0005,1.0049999952316284,12.0
M,0.075,0.65,1.13,2.8255,0.001,0.0005,0.001500000013038516,16.0
F,0.815,0.055,1.13,2.8255,0.001,0.0005,0.001500000013038516,12.0
F,0.815,0.055,1.13,2.8255,0.001,0.0005,1.0049999952316284,10.0
F,0.075,0.65,0.0,2.8255,0.001,0.0005,1.0049999952316284,18.0
F,0.075,0.65,1.13,2.8255,0.001,0.0005,0.001500000013038516,10.0
F,0.075,0.055,1.13,2.8255,0.001,0.0005,0.001500000013038516,14.0
F,0.815,0.055,1.13,2.8255,0.001,0.0005,0.001500000013038516,14.0
F,0.815,0.055,1.13,2.8255,0.001,0.0005,0.001500000013038516,12.0
F,0.075,0.055,1.13,2.8255,0.001,0.0005,0.001500000013038516,12.0
F,0.075,0.65,1.13,2.8255,0.001,0.0005,0.001500000013038516,10.0
F,0.075,0.65,0.0,2.8255,0.001,0.0005,1.0049999952316284,6.0
F,0.815,0.055,1.13,2.8255,0.001,0.0005,0.001500000013038516,12.0
M,0.075,0.65,0.0,2.8255,0.001,0.0005,0.001500000013038516,16.0
F,0.075,0.65,1.13,2.8255,0.001,0.0005,0.001500000013038516,10.0
F,0.815,0.055,1.13,2.8255,0.001,0.0005,0.001500000013038516,10.0
F,0.075,0.65,1.13,2.8255,0.001,0.0005,0.001500000013038516,10.0
F,0.075,0.055,1.13,2.8255,0.001,0.0005,0.001500000013038516,14.0
F,0.075,0.65,1.13,2.8255,0.001,0.0005,0.001500000013038516,5.0
F,0.075,0.055,1.13,2.8255,0.001,0.0005,0.001500000013038516,10.0
F,0.815,0.055,1.13,2.8255,0.001,0.0005,0.001500000013038516,10.0
F,0.075,0.65,1.13,2.8255,0.001,0.0005,0.001500000013038516,10.0
F,0.075,0.055,1.13,2.8255,0.001,0.0005,1.0049999952316284,6.0
F,0.075,0.65,1.13,2.8255,0.001,0.0005,0.001500000013038516,10.0
F,0.075,0.055,1.13,2.8255,0.001,0.0005,0.001500000013038516,14.0
F,0.815,0.055,1.13,2.8255,0.001,0.0005,0.001500000013038516,12.0
F,0.075,0.65,1.13,2.8255,0.001,0.0005,0.001500000013038516,10.0
F,0.815,0.055,1.13,2.8255,0.001,0.0005,0.001500000013038516,12.0
I,0.815,0.055,1.13,2.8255,0.001,0.0005,1.0049999952316284,11.0
F,0.075,0.055,1.13,2.8255,0.001,0.0005,1.0049999952316284,6.0
F,0.815,0.055,1.13,2.8255,0.001,0.0005,0.001500000013038516,18.0
M,0.815,0.055,1.13,2.8255,0.001,0.0005,0.001500000013038516,16.0
F,0.075,0.65,1.13,2.8255,0.001,0.0005,0.001500000013038516,10.0
F,0.815,0.055,1.13,2.8255,0.001,0.0005,0.001500000013038516,12.0
F,0.815,0.055,1.13,2.8255,0.001,0.0005,1.0049999952316284,6.0
F,0.075,0.65,1.13,2.8105156,0.001,0.0005,0.001500000013038516,16.0
F,0.815,0.055,1.13,2.8255,0.001,0.0005,0.001500000013038516,12.0
F,0.075,0.65,1.13,2.8255,0.001,0.0005,0.001500000013038516,10.0
M,0.815,0.055,0.0,2.8255,0.001,0.0005,0.001500000013038516,16.0
F,0.815,0.055,1.13,2.8255,0.001,0.0005,0.001500000013038516,12.0
F,0.815,0.055,1.13,2.8255,0.001,0.0005,0.001500000013038516,14.0
F,0.815,0.055,0.0,2.8255,0.001,0.0005,0.001500000013038516,12.0
F,0.815,0.055,1.13,2.8255,0.001,0.0005,0.001500000013038516,18.0
F,0.075,0.65,1.13,2.8255,0.001,0.0005,0.001500000013038516,5.0
F,0.075,0.65,1.13,2.8255,0.001,0.0005,0.001500000013038516,16.0
I,0.075,0.65,0.0,2.8255,0.001,0.0005,1.0049999952316284,6.0
F,0.075,0.055,1.13,2.8255,0.001,0.0005,0.001500000013038516,10.0
F,0.815,0.055,1.13,2.8255,0.001,0.0005,0.001500000013038516,12.0
F,0.815,0.055,1.13,2.8255,0.001,0.0005,0.001500000013038516,12.0
F,0.815,0.055,1.13,2.8255,0.001,0.0005,0.001500000013038516,12.0
M,0.815,0.055,0.0,2.8255,0.001,0.0005,0.001500000013038516,15.0
F,0.075,0.65,0.19,2.8255,0.001,0.0005,0.001500000013038516,16.0
F,0.075,0.055,1.13,2.8255,0.001,0.0005,1.0049999952316284,10.0
F,0.815,0.055,1.13,2.8255,0.001,0.0005,0.001500000013038516,12.0
M,0.075,0.65,0.0,2.8255,0.001,0.0005,1.0049999952316284,15.0
I,0.815,0.055,0.0,2.8255,0.001,0.0005,0.001500000013038516,13.0
F,0.815,0.055,1.13,2.8255,0.001,0.0005,0.001500000013038516,4.0
M,0.075,0.055,1.13,2.8255,0.001,0.0005,0.001500000013038516,16.0
F,0.075,0.65,1.13,2.8255,0.001,0.0005,1.0049999952316284,10.0
F,0.075,0.65,1.13,2.8255,0.001,0.0005,0.001500000013038516,10.0
M,0.815,0.055,1.13,2.8255,0.001,0.0005,0.001500000013038516,18.0
F,0.075,0.65,1.13,2.8255,0.001,0.0005,0.001500000013038516,10.0
F,0.815,0.055,1.13,2.8255,0.001,0.0005,0.001500000013038516,12.0
F,0.075,0.65,1.13,2.8255,0.001,0.0005,0.001500000013038516,16.0
F,0.815,0.055,1.13,2.8255,0.001,0.0005,0.001500000013038516,14.0
F,0.075,0.65,1.13,2.8255,0.001,0.0005,1.0049999952316284,18.0
F,0.075,0.65,1.13,2.8255,0.001,0.0005,0.001500000013038516,16.0
F,0.075,0.055,1.13,2.8255,0.001,0.0005,0.001500000013038516,10.0
F,0.075,0.65,1.13,2.8255,0.001,0.0005,0.001500000013038516,10.0
F,0.815,0.055,1.13,2.8255,0.001,0.0005,0.001500000013038516,18.0
F,0.075,0.65,1.13,2.8255,0.001,0.0005,0.001500000013038516,10.0
I,0.815,0.65,0.0,2.8255,0.001,0.0005,0.001500000013038516,15.0
M,0.075,0.65,1.13,2.8255,0.001,0.0005,0.001500000013038516,16.0
F,0.075,0.65,1.13,2.8255,0.001,0.0005,0.001500000013038516,12.0
F,0.815,0.055,1.13,2.8255,0.001,0.0005,0.001500000013038516,12.0
I,0.815,0.055,0.0,2.8255,0.001,0.0005,1.0049999952316284,12.0
F,0.075,0.65,1.13,2.8255,0.001,0.0005,0.001500000013038516,10.0
F,0.815,0.055,1.13,2.8255,0.001,0.0005,0.001500000013038516,12.0
F,0.075,0.65,1.13,2.8255,0.001,0.0005,0.001500000013038516,10.0
F,0.075,0.65,1.13,2.8255,0.001,0.0005,0.001500000013038516,10.0
F,0.075,0.055,1.13,2.8255,0.001,0.0005,0.001500000013038516,10.0
F,0.075,0.65,1.13,2.8255,0.001,0.0005,0.001500000013038516,10.0
F,0.815,0.055,1.13,2.8255,0.001,0.0005,1.0049999952316284,6.0
M,0.815,0.055,1.13,2.8255,0.001,0.0005,0.001500000013038516,18.0
M,0.075,0.65,1.13,2.8255,0.001,0.0005,0.001500000013038516,16.0
F,0.075,0.65,1.13,2.8255,0.001,0.0005,1.0049999952316284,6.0
F,0.075,0.65,1.13,2.8255,0.001,0.0005,0.001500000013038516,10.0
F,0.075,0.65,1.13,2.8255,0.001,0.0005,0.001500000013038516,10.0
F,0.075,0.65,1.13,2.8255,0.001,0.0005,1.0049999952316284,10.0
F,0.075,0.055,1.13,2.8255,0.001,0.0005,0.001500000013038516,14.0
F,0.815,0.055,1.13,2.8255,0.001,0.0005,0.001500000013038516,10.0
F,0.075,0.65,1.13,2.8255,0.001,0.0005,0.001500000013038516,10.0
F,0.815,0.055,1.13,2.8255,0.001,0.0005,0.001500000013038516,12.0
F,0.075,0.65,1.13,0.0021424657,0.001,0.0005,0.001500000013038516,18.0
F,0.075,0.055,1.13,2.8255,0.001,0.0005,0.001500000013038516,10.0
F,0.815,0.055,1.13,2.8255,0.001,0.0005,0.001500000013038516,12.0
M,0.075,0.65,1.13,2.8255,0.001,0.0005,0.001500000013038516,16.0
I,0.815,0.055,0.0,2.8255,0.001,0.0005,0.001500000013038516,12.0
F,0.075,0.65,1.13,2.8255,0.001,0.0005,0.001500000013038516,10.0
F,0.815,0.055,1.13,2.8255,0.001,0.0005,1.0049999952316284,11.0
F,0.815,0.055,1.13,2.8255,0.001,0.0005,0.001500000013038516,12.0
F,0.075,0.055,1.13,2.8255,0.001,0.0005,0.001500000013038516,12.0
F,0.815,0.055,1.13,2.8255,0.001,0.0005,0.001500000013038516,12.0
F,0.815,0.055,1.13,2.8255,0.001,0.0005,0.001500000013038516,12.0
F,0.075,0.055,1.13,2.8255,0.001,0.0005,0.001500000013038516,10.0
F,0.075,0.65,1.13,2.8255,0.001,0.0005,0.001500000013038516,10.0
F,0.075,0.65,1.13,2.8255,0.001,0.0005,0.001500000013038516,17.0
F,0.815,0.055,1.13,2.8255,0.001,0.0005,0.001500000013038516,18.0
F,0.075,0.65,1.13,2.8255,0.001,0.0005,0.001500000013038516,10.0
F,0.815,0.055,1.13,2.8255,0.001,0.0005,1.0049999952316284,12.0
F,0.075,0.65,1.13,2.8255,0.001,0.0005,0.001500000013038516,10.0
F,0.815,0.055,1.13,2.8255,0.001,0.0005,0.001500000013038516,12.0
F,0.075,0.055,1.13,2.8255,0.001,0.0005,0.001500000013038516,18.0
F,0.815,0.055,1.13,2.8255,0.001,0.0005,0.001500000013038516,16.0
F,0.815,0.055,1.13,2.8255,0.001,0.0005,0.001500000013038516,14.0
F,0.075,0.65,1.13,2.8255,0.001,0.0005,0.001500000013038516,10.0
F,0.075,0.65,1.13,2.8255,0.001,0.0005,0.001500000013038516,17.0
F,0.075,0.055,1.13,2.8255,0.001,0.0005,0.001500000013038516,14.0
F,0.815,0.055,1.13,2.8255,0.001,0.0005,0.001500000013038516,12.0
F,0.075,0.65,1.13,2.8255,0.001,0.0005,0.001500000013038516,10.0
F,0.815,0.055,1.13,2.8255,0.001,0.0005,0.001500000013038516,18.0
F,0.815,0.055,1.13,2.8255,0.001,0.0005,0.001500000013038516,12.0
F,0.075,0.65,1.13,2.8255,0.001,0.0005,0.001500000013038516,16.0
F,0.815,0.055,1.13,2.8255,0.001,0.0005,0.001500000013038516,12.0
F,0.815,0.055,1.13,2.8255,0.001,0.0005,0.001500000013038516,12.0
F,0.075,0.055,1.13,2.8255,0.001,0.0005,0.001500000013038516,12.0
F,0.075,0.65,0.0,2.8255,0.001,0.0005,1.0049999952316284,18.0
F,0.075,0.65,1.13,2.8255,0.001,0.0005,0.001500000013038516,5.0
F,0.815,0.055,1.13,2.8255,0.001,0.0005,0.001500000013038516,9.0
I,0.815,0.055,0.0,2.8255,0.001,0.0005,0.001500000013038516,12.0
F,0.075,0.055,1.13,2.8255,0.001,0.0005,0.001500000013038516,10.0
F,0.075,0.055,1.13,2.8255,0.001,0.0005,0.001500000013038516,14.0
F,0.815,0.055,1.13,2.8255,0.001,0.0005,0.001500000013038516,14.0
F,0.075,0.65,1.13,2.8255,0.001,0.0005,0.001500000013038516,16.0
F,0.075,0.65,1.13,2.8255,0.001,0.0005,0.001500000013038516,18.0
F,0.075,0.65,1.13,2.8255,0.001,0.0005,0.001500000013038516,10.0
M,0.815,0.055,1.13,2.8255,0.001,0.0005,0.001500000013038516,18.0
M,0.075,0.65,1.13,2.8255,0.001,0.0005,0.001500000013038516,16.0
F,0.075,0.055,1.13,2.8255,0.001,0.0005,0.001500000013038516,12.0
F,0.075,0.65,1.13,2.8255,0.001,0.0005,0.001500000013038516,16.0
M,0.815,0.055,0.0,2.8255,0.001,0.0005,0.001500000013038516,18.0
F,0.075,0.65,0.0,2.8255,0.001,0.0005,1.0049999952316284,18.0
M,0.815,0.055,0.0,2.8255,0.001,0.0005,0.001500000013038516,18.0
M,0.075,0.65,1.13,2.8255,0.001,0.0005,0.001500000013038516,16.0
F,0.815,0.055,1.13,2.8255,0.001,0.0005,0.001500000013038516,14.0
F,0.815,0.055,1.13,2.8255,0.001,0.0005,0.001500000013038516,12.0
F,0.075,0.65,1.13,2.8255,0.001,0.0005,0.001500000013038516,5.0
F,0.815,0.055,1.13,2.8255,0.001,0.0005,0.001500000013038516,12.0
M,0.075,0.65,0.0,2.8255,0.001,0.0005,0.001500000013038516,4.0
F,0.075,0.65,1.13,2.8255,0.001,0.0005,0.001500000013038516,10.0
F,0.815,0.055,1.13,2.8255,0.001,0.0005,0.001500000013038516,18.0
F,0.075,0.055,1.13,2.8255,0.001,0.0005,0.001500000013038516,10.0
F,0.075,0.65,1.13,2.8255,0.001,0.0005,0.001500000013038516,10.0
M,0.075,0.65,0.0,2.8255,0.001,0.0005,1.0049999952316284,18.0
F,0.815,0.055,1.13,2.8255,0.001,0.0005,0.001500000013038516,12.0
F,0.815,0.055,1.13,2.8255,0.001,0.0005,0.001500000013038516,12.0
F,0.075,0.055,1.13,2.8255,0.001,0.0005,0.001500000013038516,10.0
F,0.815,0.055,1.13,2.8255,0.001,0.0005,0.001500000013038516,12.0
F,0.075,0.65,1.13,2.8255,0.001,0.0005,0.001500000013038516,10.0
F,0.075,0.055,1.13,2.8255,0.001,0.0005,1.0049999952316284,10.0
F,0.075,0.65,1.13,2.8255,0.001,0.0005,1.0049999952316284,18.0
F,0.075,0.65,1.13,2.8255,0.001,0.0005,0.001500000013038516,16.0
M,0.815,0.055,0.0,2.8255,0.001,0.0005,0.001500000013038516,16.0
F,0.815,0.055,1.13,2.8255,0.001,0.0005,0.001500000013038516,12.0
M,0.075,0.65,1.13,2.8255,0.001,0.0005,0.001500000013038516,5.0
F,0.815,0.055,1.13,2.8255,0.001,0.0005,0.001500000013038516,12.0
F,0.075,0.65,0.0,2.8255,0.001,0.0005,1.0049999952316284,4.0
F,0.075,0.65,1.13,2.8255,0.001,0.0005,0.001500000013038516,5.0
M,0.075,0.65,1.13,2.8255,0.001,0.0005,0.001500000013038516,16.0
F,0.075,0.65,1.13,2.8255,0.001,0.0005,0.001500000013038516,10.0
F,0.075,0.65,1.13,2.8255,0.001,0.0005,0.001500000013038516,10.0
F,0.075,0.65,1.13,2.8255,0.001,0.0005,0.001500000013038516,14.0
F,0.075,0.055,1.13,2.8255,0.001,0.0005,1.0049999952316284,10.0
F,0.815,0.055,1.13,2.8255,0.001,0.0005,0.001500000013038516,12.0
F,0.815,0.055,1.13,2.8255,0.001,0.0005,0.001500000013038516,12.0
F,0.075,0.65,1.13,2.8255,0.001,0.0005,0.001500000013038516,5.0
M,0.815,0.055,1.13,2.8255,0.001,0.0005,0.001500000013038516,16.0
F,0.075,0.055,1.13,2.8255,0.001,0.0005,1.0049999952316284,15.0
F,0.815,0.055,1.13,2.8255,0.001,0.0005,0.001500000013038516,12.0
F,0.815,0.055,1.13,2.8255,0.001,0.0005,0.001500000013038516,14.0
I,0.815,0.055,0.0,2.8255,0.001,0.0005,1.0049999952316284,9.0
F,0.815,0.055,1.13,2.8255,0.001,0.0005,0.001500000013038516,12.0
F,0.815,0.055,1.13,2.8255,0.001,0.0005,0.001500000013038516,12.0
F,0.815,0.055,1.13,2.8255,0.001,0.0005,0.001500000013038516,12.0
M,0.815,0.055,0.0,2.8255,0.001,0.0005,0.001500000013038516,14.0
F,0.075,0.055,1.13,2.8255,0.001,0.0005,0.001500000013038516,12.0
F,0.075,0.055,1.13,2.8255,0.001,0.0005,0.001500000013038516,10.0
F,0.815,0.055,1.13,2.8255,0.001,0.0005,0.001500000013038516,12.0
F,0.815,0.055,1.13,2.8255,0.001,0.0005,0.001500000013038516,10.0
F,0.075,0.055,1.13,2.8255,0.001,0.0005,0.001500000013038516,10.0
F,0.075,0.65,1.13,2.8255,0.001,0.0005,0.001500000013038516,10.0
F,0.815,0.055,1.13,2.8255,0.001,0.0005,0.001500000013038516,12.0
F,0.075,0.65,1.13,2.8255,0.001,0.0005,0.001500000013038516,10.0
F,0.075,0.65,1.13,2.8255,0.001,0.0005,0.001500000013038516,17.0
F,0.075,0.65,1.13,2.8255,0.001,0.0005,0.001500000013038516,16.0
I,0.815,0.055,1.13,2.8255,0.001,0.0005,0.001500000013038516,12.0
F,0.815,0.055,1.13,2.8255,0.001,0.0005,0.001500000013038516,12.0
F,0.075,0.65,1.13,2.8255,0.001,0.0005,0.001500000013038516,10.0
F,0.075,0.65,1.13,2.8255,0.001,0.0005,0.001500000013038516,14.0
F,0.075,0.055,1.13,2.8255,0.001,0.0005,0.001500000013038516,12.0
F,0.815,0.055,1.13,2.8255,0.001,0.0005,0.001500000013038516,12.0
F,0.075,0.65,1.13,2.8255,0.001,0.0005,0.001500000013038516,10.0
F,0.815,0.055,1.13,2.8255,0.001,0.0005,0.001500000013038516,10.0
F,0.075,0.055,1.13,2.8255,0.001,0.0005,1.0049999952316284,6.0
F,0.815,0.055,1.13,2.8255,0.001,0.0005,0.001500000013038516,12.0
F,0.075,0.65,1.13,2.8255,0.001,0.0005,0.001500000013038516,10.0
F,0.075,0.65,1.13,2.8255,0.001,0.0005,0.001500000013038516,10.0
M,0.075,0.055,1.13,2.8255,0.001,0.0005,0.001500000013038516,14.0
M,0.815,0.65,0.0,2.8255,0.001,0.0005,0.001500000013038516,15.0
F,0.815,0.055,1.13,2.8255,0.001,0.0005,0.001500000013038516,10.0
F,0.075,0.055,1.13,2.8255,0.001,0.0005,1.0049999952316284,6.0
F,0.075,0.65,1.13,2.8255,0.001,0.0005,0.001500000013038516,14.0
F,0.815,0.055,1.13,2.8255,0.001,0.0005,0.001500000013038516,12.0
M,0.075,0.65,1.13,2.8255,0.001,0.0005,0.001500000013038516,5.0
F,0.075,0.055,1.13,2.8255,0.001,0.0005,0.001500000013038516,12.0
F,0.815,0.055,1.13,2.8255,0.001,0.0005,0.001500000013038516,12.0
F,0.075,0.055,1.13,2.8255,0.001,0.0005,0.001500000013038516,10.0
F,0.075,0.65,1.13,2.8255,0.001,0.0005,0.001500000013038516,14.0
F,0.815,0.055,1.13,2.8255,0.001,0.0005,0.001500000013038516,10.0
F,0.075,0.65,1.13,2.8255,0.001,0.0005,0.001500000013038516,10.0
F,0.075,0.055,1.13,2.8255,0.001,0.0005,0.001500000013038516,12.0
F,0.075,0.65,1.13,2.8255,0.001,0.0005,0.001500000013038516,10.0
F,0.075,0.055,1.13,2.8255,0.001,0.0005,1.0049999952316284,6.0
F,0.815,0.055,1.13,2.8255,0.001,0.0005,0.001500000013038516,10.0
M,0.815,0.055,1.13,2.8255,0.001,0.0005,0.001500000013038516,14.0
F,0.075,0.65,1.13,2.8255,0.001,0.0005,0.001500000013038516,14.0
F,0.815,0.055,1.13,2.8255,0.001,0.0005,0.001500000013038516,18.0
M,0.075,0.65,1.13,2.8255,0.001,0.0005,0.001500000013038516,14.0
F,0.815,0.055,1.13,2.8255,0.001,0.0005,0.001500000013038516,14.0
F,0.075,0.65,1.13,2.8255,0.001,0.0005,0.001500000013038516,16.0
F,0.075,0.65,1.13,2.8255,0.001,0.0005,0.001500000013038516,10.0
F,0.075,0.65,0.076299995,2.8255,0.001,0.0005,0.001500000013038516,12.0
F,0.075,0.65,1.13,2.8255,0.001,0.0005,0.001500000013038516,16.0
F,0.075,0.65,1.13,2.8255,0.001,0.0005,0.001500000013038516,10.0
F,0.075,0.65,1.13,2.8255,0.001,0.0005,0.001500000013038516,16.0
F,0.075,0.65,1.13,2.8255,0.001,0.0005,0.001500000013038516,10.0
F,0.075,0.055,1.13,2.8255,0.001,0.0005,1.0049999952316284,6.0
M,0.075,0.65,1.13,2.8255,0.001,0.0005,0.001500000013038516,14.0
I,0.815,0.055,1.13,2.8255,0.001,0.0005,0.001500000013038516,18.0
F,0.815,0.055,1.13,2.8255,0.001,0.0005,0.001500000013038516,16.0
F,0.815,0.055,1.13,2.8255,0.001,0.0005,0.001500000013038516,10.0
F,0.815,0.055,1.13,2.8255,0.001,0.0005,0.001500000013038516,10.0
F,0.815,0.055,1.13,2.8255,0.001,0.0005,0.001500000013038516,10.0
F,0.815,0.055,1.13,2.8255,0.001,0.0005,0.001500000013038516,10.0
F,0.815,0.055,1.13,2.8255,0.001,0.0005,0.001500000013038516,10.0
M,0.815,0.055,1.13,2.8255,0.001,0.0005,0.001500000013038516,5.0
F,0.075,0.055,1.13,2.8255,0.001,0.0005,0.001500000013038516,10.0
F,0.075,0.65,1.13,2.8255,0.001,0.0005,0.001500000013038516,14.0
F,0.075,0.65,1.13,2.8255,0.001,0.0005,0.001500000013038516,16.0
F,0.075,0.65,1.13,2.8255,0.001,0.0005,0.001500000013038516,10.0
F,0.075,0.65,1.13,2.8255,0.001,0.0005,0.001500000013038516,17.0
F,0.075,0.65,1.13,2.8255,0.001,0.0005,0.001500000013038516,10.0
M,0.815,0.055,0.0,2.8255,0.001,0.0005,0.001500000013038516,16.0
F,0.075,0.65,1.13,2.8255,0.001,0.0005,0.001500000013038516,16.0
F,0.075,0.65,1.13,2.8255,0.001,0.0005,0.001500000013038516,5.0
F,0.815,0.055,1.13,2.8255,0.001,0.0005,0.001500000013038516,12.0
F,0.075,0.65,1.13,2.8255,0.001,0.0005,1.0049999952316284,10.0
F,0.075,0.65,1.13,2.8255,0.001,0.0005,0.001500000013038516,5.0
F,0.815,0.055,1.13,2.8255,0.001,0.0005,0.001500000013038516,10.0
F,0.075,0.65,1.13,2.8255,0.001,0.0005,0.001500000013038516,16.0
F,0.815,0.055,1.13,2.8255,0.001,0.0005,1.0049999952316284,6.0
F,0.815,0.055,1.13,2.8255,0.001,0.0005,0.001500000013038516,10.0
M,0.075,0.65,1.13,2.8255,0.001,0.0005,0.001500000013038516,16.0
F,0.815,0.055,1.13,2.8255,0.001,0.0005,0.001500000013038516,10.0
F,0.075,0.65,1.13,2.8255,0.001,0.0005,0.001500000013038516,14.0
F,0.075,0.65,1.13,2.8255,0.001,0.0005,0.001500000013038516,10.0
F,0.815,0.055,1.13,2.8255,0.001,0.0005,0.001500000013038516,12.0
F,0.075,0.055,1.13,2.8255,0.001,0.0005,0.001500000013038516,14.0
F,0.075,0.65,1.13,2.8255,0.001,0.0005,0.001500000013038516,10.0
F,0.075,0.65,0.0,2.8255,0.001,0.0005,1.0049999952316284,18.0
F,0.075,0.65,1.13,2.8255,0.001,0.0005,0.001500000013038516,10.0
F,0.815,0.055,1.13,2.8255,0.001,0.0005,1.0049999952316284,6.0
F,0.075,0.65,1.13,2.8255,0.001,0.0005,0.001500000013038516,10.0
F,0.815,0.055,1.13,2.8255,0.001,0.0005,0.001500000013038516,12.0
F,0.815,0.055,1.13,2.8255,0.001,0.0005,0.001500000013038516,12.0
F,0.075,0.65,1.13,2.8255,0.001,0.0005,0.001500000013038516,10.0
F,0.075,0.65,1.13,2.8255,0.001,0.0005,0.001500000013038516,14.0
F,0.075,0.65,1.13,2.8255,0.001,0.0005,0.001500000013038516,17.0
F,0.075,0.65,1.13,2.8255,0.001,0.0005,0.001500000013038516,10.0
F,0.075,0.055,1.13,2.8255,0.001,0.0005,0.001500000013038516,12.0
F,0.075,0.65,1.13,2.8255,0.001,0.0005,0.001500000013038516,16.0
F,0.075,0.65,1.13,2.8255,0.001,0.0005,1.0049999952316284,16.0
F,0.815,0.055,1.13,2.8255,0.001,0.0005,0.001500000013038516,12.0
F,0.815,0.055,1.13,2.8255,0.001,0.0005,0.001500000013038516,10.0
M,0.815,0.055,1.13,2.8255,0.001,0.0005,0.001500000013038516,17.0
F,0.815,0.055,1.13,2.8255,0.001,0.0005,0.001500000013038516,12.0
F,0.075,0.548215,1.13,2.8255,0.001,0.0005,0.001500000013038516,10.0
F,0.075,0.65,1.13,2.8255,0.001,0.0005,0.001500000013038516,10.0
F,0.075,0.65,1.13,2.8255,0.001,0.0005,0.001500000013038516,16.0
F,0.075,0.055,1.13,2.8255,0.001,0.0005,0.001500000013038516,10.0
I,0.815,0.055,0.0,2.8255,0.001,0.0005,0.001500000013038516,9.0
F,0.815,0.055,1.13,2.8255,0.001,0.0005,0.001500000013038516,12.0
F,0.075,0.65,1.13,2.8255,0.001,0.0005,0.001500446000136435,10.0
F,0.815,0.055,1.13,2.8255,0.001,0.0005,0.001500000013038516,10.0
F,0.815,0.055,1.13,2.8255,0.001,0.0005,0.001500000013038516,12.0
F,0.815,0.055,1.13,2.8255,0.001,0.0005,0.001500000013038516,12.0
F,0.075,0.65,1.13,2.8255,0.001,0.0005,0.001500000013038516,10.0
F,0.815,0.055,1.13,2.8255,0.001,0.0005,0.001500000013038516,12.0
F,0.075,0.055,1.13,2.8255,0.001,0.0005,0.001500000013038516,12.0
F,0.075,0.055,1.13,2.8255,0.001,0.0005,0.001500000013038516,12.0
F,0.075,0.65,1.13,2.8255,0.001,0.0005,0.001500000013038516,14.0
F,0.075,0.65,1.13,2.8255,0.001,0.0005,0.001500000013038516,14.0
F,0.815,0.055,1.13,2.8255,0.001,0.0005,0.001500000013038516,18.0
M,0.815,0.055,1.13,2.8255,0.001,0.0005,0.001500000013038516,18.0
F,0.075,0.65,1.13,2.8255,0.001,0.0005,0.001500000013038516,16.0
F,0.075,0.65,1.13,2.8255,0.001,0.0005,0.001500000013038516,10.0
F,0.075,0.65,1.13,2.8255,0.001,0.0005,0.001500000013038516,5.0
F,0.815,0.055,1.13,2.8255,0.001,0.0005,0.001500000013038516,12.0
F,0.075,0.65,1.13,2.8255,0.001,0.0005,0.001500000013038516,10.0
F,0.815,0.055,1.13,2.8255,0.001,0.0005,1.0049999952316284,6.0
F,0.075,0.055,1.13,2.8255,0.001,0.0005,0.001500000013038516,10.0
M,0.075,0.65,1.13,2.8255,0.001,0.0005,0.001500000013038516,16.0
F,0.815,0.055,1.13,2.8255,0.001,0.0005,0.001500000013038516,12.0
F,0.075,0.65,1.13,2.8255,0.001,0.0005,0.001500000013038516,16.0
F,0.075,0.65,1.13,2.8255,0.001,0.0005,0.001500000013038516,14.0
F,0.075,0.055,1.13,2.8255,0.001,0.0005,0.001500000013038516,10.0
F,0.075,0.055,1.13,2.8255,0.001,0.0005,0.001500000013038516,14.0
F,0.075,0.65,1.13,2.8255,0.001,0.0005,0.001500000013038516,5.0
F,0.815,0.055,1.13,2.8255,0.001,0.0005,0.001500000013038516,14.0
M,0.075,0.65,1.13,2.8255,0.001,0.0005,0.001500000013038516,16.0
F,0.075,0.65,1.13,2.8255,0.001,0.0005,0.001500000013038516,16.0
F,0.075,0.65,1.13,2.8255,0.001,0.0005,0.001500000013038516,5.0
F,0.815,0.055,1.13,2.8255,0.001,0.0005,0.001500000013038516,12.0
F,0.815,0.055,1.13,2.8255,0.001,0.0005,0.001500000013038516,12.0
I,0.815,0.055,1.13,2.8255,0.001,0.0005,0.001500000013038516,16.0
F,0.815,0.055,1.13,2.8255,0.001,0.0005,0.001500000013038516,10.0
F,0.815,0.055,1.13,2.8255,0.001,0.0005,0.001500000013038516,10.0
F,0.075,0.055,1.13,2.8255,0.001,0.0005,0.001500000013038516,10.0
F,0.815,0.055,1.13,2.8255,0.001,0.0005,0.001500000013038516,12.0
F,0.815,0.055,1.13,2.8255,0.001,0.0005,0.001500000013038516,10.0
F,0.075,0.055,1.13,2.8255,0.001,0.0005,0.001500000013038516,10.0
M,0.075,0.65,0.0,2.8255,0.001,0.0005,0.001500000013038516,16.0
F,0.815,0.055,1.13,2.8255,0.001,0.0005,0.001500000013038516,12.0
M,0.075,0.055,1.13,2.8255,0.001,0.0005,0.001500000013038516,16.0
F,0.815,0.055,1.13,2.8255,0.001,0.0005,0.001500000013038516,12.0
F,0.075,0.65,1.13,2.8255,0.001,0.0005,0.001500000013038516,14.0
F,0.075,0.65,1.13,2.8255,0.001,0.0005,0.001500000013038516,16.0
F,0.815,0.055,1.13,2.8255,0.001,0.0005,0.001500000013038516,12.0
F,0.075,0.055,1.13,2.8255,0.001,0.0005,0.001500000013038516,12.0
F,0.815,0.055,1.13,2.8255,0.001,0.0005,0.001500000013038516,12.0
F,0.815,0.055,1.13,2.8255,0.001,0.0005,0.001500000013038516,12.0
F,0.075,0.65,1.13,2.8255,0.001,0.0005,0.001500000013038516,16.0
F,0.075,0.055,1.13,2.8255,0.001,0.0005,0.001500000013038516,16.0
F,0.075,0.055,1.13,2.8255,0.001,0.0005,0.001500000013038516,12.0
F,0.815,0.055,1.13,2.8255,0.001,0.0005,0.001500000013038516,12.0
F,0.075,0.055,1.13,2.8255,0.001,0.0005,0.001500000013038516,10.0
F,0.075,0.055,1.13,2.8255,0.001,0.0005,0.001500000013038516,16.0
F,0.075,0.65,1.13,2.8255,0.001,0.0005,0.001500000013038516,16.0
F,0.075,0.055,1.13,2.8255,0.001,0.0005,0.001500000013038516,10.0
M,0.075,0.65,1.13,2.8255,0.001,0.0005,0.001500000013038516,16.0
F,0.075,0.65,1.13,2.8255,0.001,0.0005,0.001500000013038516,10.0
F,0.815,0.055,1.13,2.8255,0.001,0.0005,0.001500000013038516,12.0
F,0.815,0.055,1.13,2.8255,0.001,0.0005,0.001500000013038516,12.0
M,0.075,0.65,1.13,0.002,0.001,0.0005,0.001500000013038516,4.0
F,0.075,0.65,1.13,2.8255,0.001,0.0005,0.001500000013038516,10.0
F,0.815,0.055,1.13,2.8255,0.001,0.0005,0.001500000013038516,12.0
F,0.815,0.055,1.13,2.8255,0.001,0.0005,0.001500000013038516,4.0
F,0.075,0.055,1.13,2.8255,0.001,0.0005,0.001500000013038516,10.0
F,0.815,0.055,1.13,2.8255,0.001,0.0005,0.001500000013038516,12.0
M,0.075,0.65,1.13,2.8255,0.001,0.0005,0.001500000013038516,18.0
F,0.815,0.055,1.13,2.8255,0.001,0.0005,0.001500000013038516,12.0
F,0.075,0.65,1.13,2.8255,0.001,0.0005,0.001500000013038516,10.0
F,0.075,0.65,1.13,2.8255,0.001,0.0005,0.001500000013038516,14.0
F,0.075,0.65,1.13,2.8255,0.001,0.0005,0.001500000013038516,16.0
F,0.075,0.65,1.13,2.8255,0.001,0.0005,0.001500000013038516,10.0
F,0.075,0.65,1.13,2.8255,0.001,0.0005,1.0049999952316284,16.0
M,0.815,0.055,1.13,2.8255,0.001,0.0005,0.001500000013038516,16.0
F,0.815,0.055,1.13,2.8255,0.001,0.0005,0.001500000013038516,12.0
M,0.075,0.65,0.0,2.8255,0.001,0.0005,0.001500000013038516,16.0
M,0.075,0.65,0.0,2.8255,0.001,0.0005,0.001500000013038516,16.0
M,0.815,0.055,1.13,2.8255,0.001,0.0005,0.001500000013038516,5.0
F,0.815,0.055,1.13,2.8255,0.001,0.0005,0.001500000013038516,12.0
F,0.075,0.65,1.13,2.8255,0.001,0.0005,0.001500000013038516,16.0
I,0.815,0.055,0.155,2.8255,0.001,0.0005,0.001500000013038516,9.0
F,0.815,0.055,1.13,2.8255,0.001,0.0005,0.001500000013038516,12.0
F,0.075,0.65,1.13,2.8255,0.001,0.0005,0.001500000013038516,10.0
F,0.075,0.65,1.13,2.8255,0.001,0.0005,0.001500000013038516,10.0
M,0.075,0.65,1.13,2.8255,0.001,0.0005,0.001500000013038516,18.0
F,0.075,0.65,1.13,2.8255,0.001,0.0005,0.001500000013038516,10.0
F,0.815,0.055,1.13,2.8255,0.001,0.0005,0.001500000013038516,10.0
M,0.075,0.65,0.0,2.8255,0.001,0.0005,0.001500000013038516,18.0
F,0.075,0.055,1.13,2.8255,0.001,0.0005,0.001500000013038516,10.0
M,0.075,0.055,1.13,2.8255,0.001,0.0005,0.001500000013038516,14.0
F,0.815,0.055,1.13,2.8255,0.001,0.0005,0.001500000013038516,12.0
I,0.815,0.055,1.13,2.8255,0.001,0.0005,0.001500000013038516,18.0
F,0.815,0.055,1.13,2.8255,0.001,0.0005,0.001500000013038516,12.0
F,0.075,0.65,1.13,2.8255,0.001,0.0005,1.0049999952316284,6.0
F,0.815,0.055,1.13,2.8255,0.001,0.0005,0.001500000013038516,12.0
F,0.815,0.055,1.13,2.8255,0.001,0.0005,0.001500000013038516,14.0
F,0.815,0.055,1.13,2.8255,0.001,0.0005,0.001500000013038516,12.0
M,0.815,0.055,0.0,2.8255,0.001,0.0005,0.001500000013038516,16.0
F,0.815,0.055,1.13,2.8255,0.001,0.0005,0.001500000013038516,14.0
F,0.075,0.65,1.13,2.8255,0.001,0.0005,0.001500000013038516,5.0
I,0.815,0.055,1.13,2.8255,0.001,0.0005,0.001500000013038516,9.0
F,0.075,0.65,1.13,2.8255,0.001,0.0005,0.001500000013038516,10.0
F,0.075,0.65,1.13,2.8255,0.001,0.0005,0.001500000013038516,10.0
F,0.815,0.055,1.13,2.8255,0.001,0.0005,0.001500000013038516,12.0
F,0.815,0.055,1.13,2.8255,0.001,0.0005,0.001500000013038516,12.0
F,0.815,0.055,1.13,2.8255,0.001,0.0005,0.001500000013038516,14.0
F,0.075,0.055,1.13,2.8255,0.001,0.0005,0.001500000013038516,10.0
F,0.075,0.65,0.0,2.8255,0.001,0.0005,0.001500000013038516,16.0
F,0.075,0.65,1.13,2.8255,0.001,0.0005,1.0049999952316284,6.0
M,0.075,0.65,1.13,2.8255,0.001,0.0005,0.001500000013038516,16.0
F,0.075,0.65,1.13,2.8255,0.001,0.0005,0.001500000013038516,16.0
M,0.815,0.055,1.13,2.8255,0.001,0.0005,0.001500000013038516,16.0
F,0.075,0.65,1.13,2.8255,0.001,0.0005,0.001500000013038516,10.0
F,0.815,0.055,1.13,2.8255,0.001,0.0005,0.001500000013038516,12.0
F,0.075,0.65,1.13,2.8255,0.001,0.0005,0.001500000013038516,10.0
F,0.075,0.65,1.13,2.8255,0.001,0.0005,0.001500000013038516,10.0
M,0.075,0.65,1.13,2.8255,0.001,0.0005,0.001500000013038516,16.0
F,0.815,0.055,1.13,0.002,0.001,0.0005,0.001500000013038516,14.0
F,0.075,0.65,1.13,2.8255,0.001,0.0005,1.0049999952316284,18.0
F,0.815,0.055,1.13,2.8255,0.001,0.0005,0.001500000013038516,12.0
F,0.815,0.055,1.13,2.8255,0.001,0.0005,0.001500000013038516,12.0
F,0.815,0.055,1.13,2.8255,0.001,0.0005,0.001500000013038516,12.0
F,0.075,0.055,1.13,2.8255,0.001,0.0005,0.001500000013038516,12.0
F,0.815,0.055,1.13,2.8255,0.001,0.0005,0.001500000013038516,12.0
F,0.075,0.65,1.13,2.8255,0.001,0.0005,0.001500000013038516,14.0
F,0.075,0.055,1.13,2.8255,0.001,0.0005,1.0049999952316284,6.0
M,0.815,0.055,1.13,2.8255,0.001,0.0005,0.001500000013038516,16.0
M,0.075,0.65,0.0,2.8255,0.001,0.0005,0.001500000013038516,5.0
F,0.075,0.055,1.13,2.8255,0.001,0.0005,0.001500000013038516,10.0
F,0.815,0.055,1.13,2.8255,0.001,0.0005,0.001500000013038516,14.0
F,0.075,0.65,1.13,0.002,0.001,0.0005,0.001500000013038516,16.0
F,0.815,0.055,1.13,2.8255,0.001,0.0005,0.001500000013038516,12.0
M,0.075,0.65,1.13,2.8255,0.001,0.0005,0.001500000013038516,16.0
I,0.815,0.055,1.13,2.8255,0.001,0.0005,0.001500000013038516,12.0
F,0.075,0.65,1.13,2.8255,0.001,0.0005,0.001500000013038516,10.0
F,0.815,0.055,1.13,2.8255,0.001,0.0005,0.001500000013038516,12.0
F,0.075,0.65,1.13,2.8255,0.001,0.0005,0.001500000013038516,14.0
F,0.075,0.65,1.13,2.8255,0.001,0.0005,1.0049999952316284,6.0
F,0.075,0.055,1.13,2.8255,0.001,0.0005,0.001500000013038516,14.0
F,0.815,0.055,1.13,2.8255,0.001,0.0005,0.001500000013038516,12.0
F,0.815,0.055,1.13,2.8255,0.001,0.0005,0.001500000013038516,10.0
F,0.815,0.055,1.13,2.8255,0.001,0.0005,0.001500000013038516,12.0
F,0.075,0.65,1.13,2.8255,0.001,0.0005,0.001500000013038516,10.0
F,0.815,0.055,1.13,2.8255,0.001,0.0005,0.001500000013038516,12.0
F,0.815,0.055,1.13,2.8255,0.001,0.0005,0.001500000013038516,14.0
F,0.815,0.055,1.13,2.8255,0.001,0.0005,0.001500000013038516,12.0
F,0.075,0.65,1.13,2.8255,0.001,0.0005,0.001500000013038516,10.0
F,0.075,0.65,1.13,2.8255,0.001,0.0005,0.001500000013038516,16.0
F,0.815,0.055,1.13,2.8255,0.001,0.0005,0.001500000013038516,12.0
F,0.075,0.65,1.13,2.8255,0.001,0.0005,0.001500000013038516,10.0
F,0.815,0.055,1.13,2.8255,0.001,0.0005,0.001500000013038516,12.0
M,0.075,0.65,1.13,2.8255,0.001,0.0005,0.001500000013038516,16.0
F,0.075,0.055,1.13,2.8255,0.001,0.0005,0.001500000013038516,12.0
F,0.815,0.055,1.13,2.8255,0.001,0.0005,0.001500000013038516,12.0
F,0.815,0.055,1.13,2.8255,0.001,0.0005,0.001500000013038516,10.0
F,0.075,0.65,1.13,2.8255,0.001,0.0005,1.0049999952316284,6.0
F,0.815,0.055,1.13,2.8255,0.001,0.0005,0.001500000013038516,12.0
M,0.075,0.65,1.13,2.8255,0.001,0.0005,0.001500000013038516,16.0
F,0.815,0.055,1.13,2.8255,0.001,0.0005,0.001500000013038516,12.0
F,0.815,0.055,1.13,2.8255,0.001,0.0005,0.001500000013038516,18.0
F,0.075,0.65,1.13,2.8255,0.001,0.0005,0.001500000013038516,10.0
F,0.075,0.65,0.0,2.8255,0.001,0.0005,1.0049999952316284,18.0
M,0.815,0.055,0.0,2.8255,0.001,0.0005,0.001500000013038516,16.0
F,0.815,0.055,1.13,2.8255,0.001,0.0005,0.001500000013038516,12.0
F,0.815,0.055,1.13,2.8255,0.001,0.0005,0.001500000013038516,5.0
I,0.815,0.055,0.0,2.8255,0.001,0.0005,0.001500000013038516,1.0
M,0.075,0.65,1.13,2.8255,0.001,0.0005,0.001500000013038516,16.0
F,0.815,0.055,1.13,2.8255,0.001,0.0005,0.001500000013038516,10.0
F,0.815,0.055,1.13,2.8255,0.001,0.0005,0.001500000013038516,12.0
F,0.075,0.65,1.13,2.8255,0.001,0.0005,0.001500000013038516,10.0
F,0.075,0.65,1.13,2.8255,0.001,0.0005,0.001500000013038516,10.0
F,0.075,0.055,1.13,2.8255,0.001,0.0005,0.001500000013038516,10.0
F,0.815,0.055,1.13,2.8255,0.001,0.0005,0.001500000013038516,12.0
F,0.815,0.055,1.13,2.8255,0.001,0.0005,0.001500000013038516,12.0
F,0.075,0.65,1.13,2.8255,0.001,0.0005,1.0049999952316284,10.0
F,0.075,0.055,1.13,2.8255,0.001,0.0005,0.001500000013038516,10.0
F,0.075,0.65,0.0,2.8255,0.001,0.0005,0.001500000013038516,5.0
F,0.075,0.055,1.13,2.8255,0.001,0.0005,0.001500000013038516,10.0
F,0.815,0.055,1.13,2.8255,0.001,0.0005,0.001500000013038516,12.0
F,0.815,0.055,1.13,2.8255,0.001,0.0005,0.001500000013038516,12.0
F,0.815,0.055,1.13,2.8255,0.001,0.0005,0.001500000013038516,12.0
F,0.075,0.65,1.13,2.8255,0.001,0.0005,0.001500000013038516,10.0
M,0.075,0.65,1.13,2.8255,0.001,0.0005,0.001500000013038516,16.0
I,0.815,0.055,0.0,2.8255,0.001,0.0005,1.0049999952316284,6.0
F,0.815,0.055,1.13,2.8255,0.001,0.0005,0.001500000013038516,5.0
F,0.075,0.65,1.13,2.8255,0.001,0.0005,0.001500000013038516,5.0
F,0.075,0.055,1.13,2.8255,0.001,0.0005,1.0049999952316284,10.0
F,0.075,0.65,1.13,2.8255,0.001,0.0005,0.001500000013038516,16.0
M,0.075,0.65,1.13,2.8255,0.001,0.0005,0.001500000013038516,5.0
F,0.075,0.055,1.13,2.8255,0.001,0.0005,0.001500000013038516,10.0
F,0.075,0.055,1.13,2.8255,0.001,0.0005,0.001500000013038516,10.0
F,0.815,0.055,1.13,2.8255,0.001,0.0005,0.001500000013038516,10.0
F,0.075,0.65,1.13,2.8255,0.001,0.0005,0.001500000013038516,14.0
F,0.075,0.65,1.13,2.8255,0.001,0.0005,0.001500000013038516,16.0
F,0.815,0.055,1.13,2.8255,0.001,0.0005,0.001500000013038516,12.0
F,0.815,0.055,1.13,2.8255,0.001,0.0005,0.001500000013038516,10.0
F,0.075,0.65,1.13,2.8255,0.001,0.0005,0.001500000013038516,16.0
I,0.815,0.055,0.0,2.8255,0.001,0.0005,0.001500000013038516,16.0
F,0.075,0.65,1.13,2.8255,0.001,0.0005,1.0049999952316284,6.0
F,0.075,0.65,1.13,2.8255,0.001,0.0005,0.001500000013038516,10.0
F,0.075,0.65,1.13,2.8255,0.001,0.0005,0.001500000013038516,16.0
F,0.075,0.65,1.13,2.8255,0.001,0.0005,0.001500000013038516,16.0
F,0.075,0.055,1.13,2.8255,0.001,0.0005,0.001500000013038516,14.0
F,0.815,0.055,1.13,2.8255,0.001,0.0005,0.001500000013038516,12.0
F,0.815,0.055,1.13,2.8255,0.001,0.0005,0.001500000013038516,12.0
F,0.075,0.65,1.13,2.8255,0.001,0.0005,0.001500000013038516,10.0
F,0.075,0.65,1.13,2.8255,0.001,0.0005,0.001500000013038516,5.0
F,0.815,0.055,1.13,2.8255,0.001,0.0005,0.001500000013038516,10.0
F,0.815,0.055,1.13,2.8255,0.001,0.0005,0.001500000013038516,15.0
F,0.075,0.65,1.13,2.8255,0.001,0.0005,0.001500000013038516,10.0
M,0.075,0.65,1.13,2.8255,0.001,0.0005,0.001500000013038516,16.0
F,0.075,0.65,1.13,2.8255,0.001,0.0005,0.001500000013038516,10.0
F,0.075,0.055,1.13,2.8255,0.001,0.0005,0.001500000013038516,10.0
F,0.075,0.055,1.13,2.8255,0.001,0.0005,0.001500000013038516,10.0
M,0.075,0.65,1.13,2.8255,0.001,0.0005,0.001500000013038516,18.0
M,0.075,0.65,1.13,2.8255,0.001,0.0005,0.001500000013038516,16.0
F,0.815,0.055,1.13,2.8255,0.001,0.0005,0.001500000013038516,18.0
F,0.075,0.65,1.13,2.8255,0.001,0.0005,0.001500000013038516,10.0
F,0.075,0.65,1.13,2.8255,0.001,0.0005,0.001500000013038516,14.0
F,0.815,0.055,1.13,2.8255,0.001,0.0005,0.001500000013038516,12.0
F,0.075,0.65,1.13,2.8255,0.001,0.0005,0.001500000013038516,14.0
F,0.075,0.65,1.13,2.8255,0.001,0.0005,0.001500000013038516,10.0
F,0.815,0.055,1.13,2.8255,0.001,0.0005,0.001500000013038516,12.0
F,0.075,0.65,1.13,2.8255,0.001,0.0005,0.001500000013038516,16.0
F,0.815,0.055,1.13,2.8255,0.001,0.0005,0.001500000013038516,18.0
F,0.815,0.055,1.13,2.8255,0.001,0.0005,0.001500000013038516,12.0
F,0.075,0.65,1.13,2.8255,0.001,0.0005,0.001500000013038516,14.0
F,0.815,0.055,1.13,2.8255,0.001,0.0005,0.001500000013038516,14.0
F,0.815,0.055,1.13,2.8255,0.001,0.0005,0.001500000013038516,12.0
F,0.075,0.65,0.0,2.8255,0.001,0.0005,0.001500000013038516,5.0
F,0.075,0.65,1.13,2.8255,0.001,0.0005,0.001500000013038516,10.0
F,0.075,0.65,1.13,2.8255,0.001,0.0005,0.001500000013038516,17.0
F,0.075,0.65,1.13,2.8255,0.001,0.0005,0.001500000013038516,10.0
F,0.075,0.055,1.13,2.8255,0.001,0.0005,0.001500000013038516,10.0
F,0.075,0.65,1.13,2.8255,0.001,0.0005,0.001500000013038516,10.0
F,0.075,0.65,1.13,2.8255,0.001,0.0005,0.001500000013038516,10.0
F,0.815,0.055,1.13,2.8255,0.001,0.0005,0.001500000013038516,12.0
F,0.075,0.65,1.13,2.8255,0.001,0.0005,0.001500000013038516,10.0
F,0.815,0.055,1.13,2.8255,0.001,0.0005,0.001500000013038516,12.0
F,0.075,0.65,1.13,2.8255,0.001,0.0005,0.001500000013038516,16.0
F,0.075,0.65,1.13,2.8255,0.001,0.0005,0.001500000013038516,16.0
F,0.075,0.65,1.13,2.8255,0.001,0.0005,0.001500000013038516,10.0
F,0.815,0.055,1.13,2.8255,0.001,0.0005,0.001500000013038516,18.0
M,0.815,0.055,1.13,2.8255,0.001,0.0005,0.001500000013038516,18.0
F,0.815,0.055,1.13,2.8255,0.001,0.0005,0.001500000013038516,12.0
F,0.815,0.055,1.13,2.8255,0.001,0.0005,0.001500000013038516,12.0
F,0.815,0.055,1.13,2.8255,0.001,0.0005,0.001500000013038516,12.0
F,0.075,0.65,1.13,2.8255,0.001,0.0005,0.001500000013038516,5.0
F,0.815,0.055,1.13,2.8255,0.001,0.0005,0.001500000013038516,10.0
M,0.075,0.055,1.13,2.8255,0.001,0.0005,0.001500000013038516,16.0
F,0.815,0.055,1.13,2.8255,0.001,0.0005,0.001500000013038516,12.0
F,0.075,0.65,1.13,2.8255,0.001,0.0005,0.001500000013038516,10.0
F,0.075,0.055,1.13,2.8255,0.001,0.0005,1.0049999952316284,7.0
I,0.815,0.055,0.0,2.8255,0.001,0.0005,0.001500000013038516,12.0
F,0.075,0.65,1.13,2.8255,0.001,0.0005,0.001500000013038516,16.0
F,0.075,0.055,1.13,2.8255,0.001,0.0005,0.001500000013038516,12.0
F,0.815,0.055,1.13,2.8255,0.001,0.0005,0.001500000013038516,12.0
M,0.075,0.65,1.13,2.8255,0.001,0.0005,0.001500000013038516,18.0
F,0.815,0.055,1.13,2.8255,0.001,0.0005,0.001500000013038516,10.0
F,0.075,0.65,1.13,2.8255,0.001,0.0005,0.001500000013038516,16.0
F,0.815,0.055,1.13,2.8255,0.001,0.0005,0.001500000013038516,12.0
F,0.075,0.65,1.13,2.8255,0.001,0.0005,0.001500000013038516,10.0
F,0.075,0.65,1.13,2.8255,0.001,0.0005,0.001500000013038516,5.0
F,0.075,0.65,1.13,2.8255,0.001,0.0005,0.001500000013038516,10.0
F,0.075,0.055,1.13,2.8255,0.001,0.0005,0.001500000013038516,16.0
F,0.815,0.055,1.13,2.8255,0.001,0.0005,0.001500000013038516,12.0
F,0.075,0.055,1.13,2.8255,0.001,0.0005,0.001500000013038516,10.0
F,0.075,0.65,1.13,2.8255,0.001,0.0005,0.001500000013038516,16.0
F,0.815,0.055,1.13,2.8255,0.001,0.0005,0.001500000013038516,12.0
F,0.075,0.65,1.13,2.8255,0.001,0.0005,0.001500000013038516,14.0
F,0.075,0.65,1.13,2.8255,0.001,0.0005,1.0049999952316284,6.0
I,0.815,0.055,0.0,2.8255,0.001,0.0005,1.0049999952316284,9.0
F,0.075,0.65,1.13,2.8255,0.001,0.0005,0.001500000013038516,5.0
F,0.075,0.65,1.13,2.8255,0.001,0.0005,0.001500000013038516,10.0
F,0.815,0.055,1.13,2.8255,0.001,0.0005,0.001500000013038516,18.0
F,0.815,0.055,1.13,2.8255,0.001,0.0005,0.001500000013038516,12.0
F,0.075,0.65,1.13,2.8255,0.001,0.0005,0.001500000013038516,10.0
I,0.815,0.055,1.13,2.8255,0.001,0.0005,0.001500000013038516,12.0
F,0.815,0.055,1.13,2.8255,0.001,0.0005,0.001500000013038516,4.0
F,0.075,0.65,1.13,2.8255,0.001,0.0005,0.001500000013038516,10.0
M,0.815,0.055,1.13,2.8255,0.001,0.0005,0.001500000013038516,15.0
M,0.075,0.65,1.13,2.8255,0.001,0.0005,0.001500000013038516,16.0
F,0.075,0.055,1.13,2.8255,0.001,0.0005,0.001500000013038516,10.0
F,0.075,0.65,1.13,2.8255,0.001,0.0005,0.001500000013038516,14.0
F,0.815,0.055,1.13,2.8255,0.001,0.0005,0.001500000013038516,12.0
F,0.075,0.65,1.13,2.8255,0.001,0.0005,0.001500000013038516,10.0
F,0.075,0.055,1.13,2.8255,0.001,0.0005,0.001500000013038516,10.0
F,0.075,0.65,1.13,2.8255,0.001,0.0005,0.001500000013038516,16.0
F,0.075,0.65,1.13,2.8255,0.001,0.0005,0.001500000013038516,10.0
F,0.075,0.65,1.13,2.8255,0.001,0.0005,0.001500000013038516,10.0
F,0.075,0.65,1.13,2.8255,0.001,0.0005,0.001500000013038516,17.0
F,0.815,0.055,1.13,2.8255,0.001,0.0005,0.001500000013038516,12.0
M,0.815,0.055,1.13,2.8255,0.001,0.0005,0.001500000013038516,14.0
F,0.815,0.055,1.13,2.8255,0.001,0.0005,0.001500000013038516,14.0
F,0.075,0.65,1.13,2.8255,0.001,0.0005,0.001500000013038516,10.0
M,0.075,0.055,1.13,2.8255,0.001,0.0005,0.001500000013038516,16.0
I,0.815,0.055,1.13,2.8255,0.001,0.0005,1.0049999952316284,9.0
F,0.075,0.65,1.13,2.8255,0.001,0.0005,0.001500000013038516,10.0
M,0.075,0.65,1.13,2.8255,0.001,0.0005,0.001500000013038516,5.0
F,0.075,0.65,1.13,2.8255,0.001,0.0005,0.001500000013038516,12.0
F,0.815,0.055,1.13,2.8255,0.001,0.0005,0.001500000013038516,18.0
M,0.815,0.055,1.13,2.8255,0.001,0.0005,0.001500000013038516,5.0
I,0.815,0.055,1.13,2.8255,0.001,0.0005,0.001500000013038516,7.0
F,0.075,0.65,1.13,2.8255,0.001,0.0005,0.001500000013038516,10.0
F,0.815,0.055,1.13,2.8255,0.001,0.0005,1.0049999952316284,6.0
F,0.075,0.055,1.13,2.8255,0.001,0.0005,0.001500000013038516,10.0
F,0.815,0.055,1.13,2.8255,0.001,0.0005,0.001500000013038516,12.0
F,0.075,0.65,1.13,2.8255,0.001,0.0005,0.001500000013038516,18.0
F,0.075,0.65,1.13,2.8255,0.001,0.0005,0.001500000013038516,16.0
M,0.075,0.65,1.13,2.8255,0.001,0.0005,0.001500000013038516,16.0
F,0.815,0.055,1.13,2.8255,0.001,0.0005,0.001500000013038516,18.0
F,0.075,0.65,1.13,2.8255,0.001,0.0005,1.0049999952316284,10.0
F,0.075,0.65,1.13,2.8255,0.001,0.0005,0.001500000013038516,10.0
F,0.815,0.055,1.13,2.8255,0.001,0.0005,0.001500000013038516,12.0
M,0.075,0.65,1.13,2.8255,0.001,0.0005,0.001500000013038516,16.0
F,0.075,0.65,1.13,2.8255,0.001,0.0005,0.001500000013038516,10.0
F,0.815,0.055,1.13,2.8255,0.001,0.0005,1.0049999952316284,6.0
I,0.8149368,0.055,0.0,2.8255,0.001,0.0005,1.0049999952316284,6.0
M,0.815,0.055,1.13,2.8255,0.001,0.0005,0.001500000013038516,14.0
F,0.815,0.055,1.13,2.8255,0.001,0.0005,0.001500000013038516,12.0
F,0.075,0.65,1.13,2.8255,0.001,0.0005,0.001500000013038516,10.0
F,0.075,0.055,1.13,2.8255,0.001,0.0005,0.001500000013038516,10.0
F,0.075,0.055,1.13,2.8255,0.001,0.0005,0.001500000013038516,10.0
F,0.815,0.055,1.13,2.8255,0.001,0.0005,0.001500000013038516,10.0
M,0.075,0.055,1.13,2.8255,0.001,0.0005,0.001500000013038516,18.0
F,0.815,0.055,1.13,2.8255,0.001,0.0005,0.001500000013038516,12.0
F,0.815,0.055,1.13,2.8255,0.001,0.0005,0.001500000013038516,12.0
F,0.075,0.65,1.13,2.8255,0.001,0.0005,0.001500000013038516,5.0
F,0.815,0.055,1.13,2.8255,0.001,0.0005,0.001500000013038516,12.0
F,0.075,0.65,1.13,2.8255,0.001,0.0005,1.0049999952316284,16.0
I,0.815,0.055,0.0,2.8255,0.001,0.0005,1.0049999952316284,9.0
F,0.815,0.055,1.13,2.8255,0.001,0.0005,0.001500000013038516,5.0
M,0.075,0.65,1.13,2.8255,0.001,0.0005,0.001500000013038516,16.0
F,0.075,0.65,1.13,2.8255,0.001,0.0005,0.001500000013038516,18.0
F,0.075,0.65,1.13,2.8255,0.001,0.0005,0.001500000013038516,10.0
F,0.075,0.65,1.13,2.8255,0.001,0.0005,0.001500000013038516,14.0
F,0.815,0.055,1.13,2.8255,0.001,0.0005,0.001500000013038516,12.0
F,0.815,0.055,1.13,2.8255,0.001,0.0005,0.001500000013038516,14.0
F,0.815,0.055,1.13,2.8255,0.001,0.0005,0.001500000013038516,16.0
F,0.075,0.65,1.13,2.8255,0.001,0.0005,0.001500000013038516,10.0
F,0.815,0.055,1.13,2.8255,0.001,0.0005,0.001500000013038516,12.0
M,0.815,0.055,0.18027681,2.8255,0.001,0.0005,0.001500000013038516,17.0
F,0.815,0.055,1.13,2.8255,0.001,0.0005,0.001500000013038516,12.0
F,0.075,0.65,1.13,2.8255,0.001,0.0005,0.001500000013038516,14.0
F,0.075,0.65,1.13,2.8255,0.001,0.0005,0.001500000013038516,16.0
F,0.815,0.055,1.13,2.8255,0.001,0.0005,0.001500000013038516,12.0
F,0.815,0.055,1.13,2.8255,0.001,0.0005,0.001500000013038516,5.0
F,0.075,0.65,1.13,2.8255,0.001,0.0005,1.0049999952316284,10.0
F,0.075,0.65,0.00054956315,2.8255,0.001,0.0005,0.001500000013038516,5.0
M,0.075,0.65,0.0,2.8255,0.001,0.0005,0.001500000013038516,16.0
F,0.815,0.055,1.13,2.8255,0.001,0.0005,0.001500000013038516,12.0
F,0.075,0.65,1.13,2.8255,0.001,0.0005,1.0049999952316284,10.0
F,0.075,0.65,1.13,2.8255,0.001,0.0005,0.001500000013038516,10.0
M,0.075,0.65,1.13,2.8255,0.001,0.0005,0.001500000013038516,16.0
F,0.815,0.055,1.13,2.8255,0.001,0.0005,0.001500000013038516,12.0
F,0.075,0.65,1.13,2.8255,0.001,0.0005,1.0049999952316284,6.0
F,0.075,0.65,1.13,2.8255,0.001,0.0005,0.001500000013038516,10.0
M,0.815,0.055,1.13,2.8255,0.001,0.0005,0.001500000013038516,18.0
F,0.075,0.055,1.13,2.8255,0.001,0.0005,0.001500000013038516,12.0
F,0.075,0.055,1.13,2.8255,0.001,0.0005,0.001500000013038516,10.0
F,0.815,0.055,1.13,2.8255,0.001,0.0005,0.001500000013038516,12.0
F,0.815,0.055,1.13,2.8255,0.001,0.0005,0.001500000013038516,12.0
F,0.075,0.055,1.13,2.8255,0.001,0.0005,1.0049999952316284,6.0
I,0.815,0.055,0.0,2.8255,0.001,0.0005,0.001500000013038516,9.0
I,0.815,0.055,0.0,2.8255,0.001,0.0005,1.0049999952316284,6.0
F,0.075,0.055,1.13,2.8255,0.001,0.0005,0.001500000013038516,10.0
F,0.075,0.65,1.13,2.8255,0.001,0.0005,0.001500000013038516,18.0
F,0.075,0.055,1.13,2.8255,0.001,0.0005,0.001500000013038516,14.0
F,0.815,0.055,1.13,2.8255,0.001,0.0005,0.001500000013038516,12.0
M,0.075,0.65,1.13,2.8255,0.001,0.0005,0.001500000013038516,14.0
F,0.815,0.055,1.13,2.8255,0.001,0.0005,0.001500000013038516,12.0
F,0.075,0.65,1.13,2.8255,0.001,0.0005,0.001500000013038516,10.0
F,0.075,0.055,1.13,2.8255,0.001,0.0005,0.001500000013038516,10.0
F,0.815,0.055,1.13,2.8255,0.001,0.0005,0.001500000013038516,12.0
F,0.815,0.055,1.13,2.8255,0.001,0.0005,0.001500000013038516,12.0
M,0.815,0.055,1.13,2.8255,0.001,0.0005,0.001500000013038516,16.0
F,0.075,0.65,1.13,2.8255,0.001,0.0005,0.001500000013038516,10.0
F,0.815,0.055,1.13,2.8255,0.001,0.0005,0.001500000013038516,10.0
F,0.075,0.055,1.13,2.8255,0.001,0.0005,0.001500000013038516,12.0
F,0.815,0.055,1.13,2.8255,0.001,0.0005,0.001500000013038516,12.0
M,0.075,0.055,1.13,2.8255,0.001,0.0005,0.001500000013038516,16.0
F,0.075,0.65,1.13,2.8255,0.001,0.0005,0.001500000013038516,6.0
F,0.075,0.65,1.13,2.8255,0.001,0.0005,1.0049999952316284,10.0
F,0.075,0.65,1.13,2.8255,0.001,0.0005,0.1144917830824852,10.0
I,0.815,0.055,1.13,2.8255,0.001,0.0005,0.001500000013038516,9.0
F,0.815,0.055,1.13,2.8255,0.001,0.0005,0.001500000013038516,12.0
F,0.075,0.65,1.13,2.8255,0.001,0.0005,0.001500000013038516,10.0
F,0.815,0.055,1.13,2.8255,0.001,0.0005,0.001500000013038516,10.0
I,0.815,0.055,1.13,2.8255,0.001,0.0005,0.001500000013038516,9.0
F,0.075,0.65,1.13,2.8255,0.001,0.0005,0.001500000013038516,10.0
F,0.075,0.65,1.13,2.8255,0.001,0.0005,0.001500000013038516,16.0
F,0.075,0.65,0.0,2.8255,0.001,0.0005,1.0049999952316284,6.0
F,0.815,0.055,1.13,2.8255,0.001,0.0005,0.001500000013038516,12.0
F,0.075,0.65,1.13,2.8255,0.001,0.0005,1.0049999952316284,10.0
F,0.075,0.65,1.13,2.8255,0.001,0.0005,0.001500000013038516,10.0
F,0.075,0.055,1.13,2.8255,0.001,0.0005,0.001500000013038516,12.0
F,0.075,0.65,1.13,2.8255,0.001,0.0005,0.001500000013038516,5.0
F,0.075,0.65,1.13,2.8255,0.001,0.0005,0.001500000013038516,10.0
F,0.075,0.055,1.13,2.8255,0.001,0.0005,0.001500000013038516,10.0
M,0.815,0.055,1.13,2.8255,0.001,0.0005,0.001500000013038516,14.0
F,0.075,0.65,1.13,2.8255,0.001,0.0005,0.001500000013038516,10.0
F,0.075,0.65,1.13,2.8255,0.001,0.0005,1.0049999952316284,6.0
F,0.075,0.65,1.13,2.8255,0.001,0.0005,0.001500000013038516,10.0
F,0.075,0.65,1.13,2.8255,0.001,0.0005,0.001500000013038516,16.0
F,0.075,0.055,1.13,0.002,0.001,0.0005,0.001500000013038516,14.0
M,0.815,0.055,1.13,2.8255,0.001,0.0005,0.001500000013038516,18.0
F,0.075,0.055,1.13,2.8255,0.001,0.0005,0.001500000013038516,12.0
F,0.815,0.055,1.13,2.8255,0.001,0.0005,0.001500000013038516,12.0
F,0.815,0.055,1.13,2.8255,0.001,0.0005,0.001500000013038516,12.0
F,0.075,0.055,1.13,2.8255,0.001,0.0005,0.001500000013038516,16.0
F,0.075,0.65,1.13,2.8255,0.001,0.0005,0.001500000013038516,5.0
F,0.075,0.65,1.13,2.8255,0.001,0.0005,0.001500000013038516,10.0
F,0.075,0.65,1.13,2.8255,0.001,0.0005,0.001500000013038516,5.0
M,0.075,0.055,1.13,2.8255,0.001,0.0005,0.001500000013038516,16.0
F,0.075,0.65,1.13,2.8255,0.001,0.0005,0.001500000013038516,14.0
F,0.075,0.65,1.13,2.8255,0.001,0.0005,0.001500000013038516,10.0
F,0.075,0.055,1.13,2.8255,0.001,0.0005,0.001500000013038516,10.0
F,0.075,0.65,1.13,2.8255,0.001,0.0005,0.001500000013038516,10.0
F,0.815,0.055,1.13,2.8255,0.001,0.0005,0.001500000013038516,12.0
F,0.075,0.65,1.13,2.8255,0.001,0.0005,1.0049999952316284,10.0
F,0.815,0.055,1.13,2.8255,0.001,0.0005,0.001500000013038516,12.0
F,0.075,0.055,1.13,2.8255,0.001,0.0005,0.001500000013038516,14.0
F,0.075,0.055,1.13,2.8255,0.001,0.0005,0.001500000013038516,14.0
F,0.815,0.055,1.13,2.8255,0.001,0.0005,0.001500000013038516,12.0
F,0.075,0.65,1.13,2.8255,0.001,0.0005,0.001500000013038516,10.0
F,0.815,0.055,1.13,2.8255,0.001,0.0005,0.001500000013038516,12.0
F,0.815,0.055,1.13,2.8255,0.001,0.0005,0.001500000013038516,12.0
F,0.815,0.055,1.13,2.8255,0.001,0.0005,0.001500000013038516,14.0
F,0.815,0.055,1.13,2.8255,0.001,0.0005,0.001500000013038516,10.0
M,0.075,0.65,1.13,2.8255,0.001,0.0005,0.001500000013038516,16.0
F,0.075,0.65,1.13,2.8255,0.001,0.0005,0.001500000013038516,14.0
F,0.815,0.055,1.13,2.8255,0.001,0.0005,0.001500000013038516,12.0
F,0.815,0.055,1.13,2.8255,0.001,0.0005,0.001500000013038516,18.0
F,0.815,0.055,1.13,2.8255,0.001,0.0005,0.001500000013038516,18.0
F,0.075,0.65,1.13,2.8255,0.001,0.0005,0.001500000013038516,5.0
I,0.815,0.055,1.13,2.8255,0.001,0.0005,0.001500000013038516,5.0
F,0.075,0.65,0.0,2.8255,0.001,0.0005,0.001500000013038516,5.0
F,0.075,0.65,1.13,2.8255,0.001,0.0005,0.001500000013038516,10.0
F,0.815,0.055,1.13,2.8255,0.001,0.0005,0.001500000013038516,12.0
F,0.815,0.055,1.13,2.8255,0.001,0.0005,0.001500000013038516,18.0
F,0.075,0.65,1.13,2.8255,0.001,0.0005,0.001500000013038516,16.0
F,0.075,0.65,1.13,2.8255,0.001,0.0005,0.001500000013038516,16.0
F,0.815,0.055,1.13,2.8255,0.001,0.0005,0.001500000013038516,12.0
F,0.075,0.65,1.13,2.8255,0.001,0.0005,0.001500000013038516,10.0
F,0.815,0.055,1.13,2.8255,0.001,0.0005,0.001500000013038516,12.0
F,0.815,0.055,1.13,2.8255,0.001,0.0005,0.001500000013038516,12.0
F,0.075,0.65,1.13,2.8255,0.001,0.0005,0.001500000013038516,16.0
F,0.075,0.65,1.13,2.8255,0.001,0.0005,0.001500000013038516,16.0
F,0.075,0.055,1.13,2.8255,0.001,0.0005,0.001500000013038516,4.0
F,0.815,0.055,1.13,2.8255,0.001,0.0005,0.001500000013038516,14.0
F,0.075,0.65,1.13,2.8255,0.001,0.0005,0.001500000013038516,16.0
F,0.815,0.055,1.13,2.8255,0.001,0.0005,0.001500000013038516,10.0
F,0.81499666,0.055,1.13,2.8255,0.001,0.0005,0.001500000013038516,12.0
F,0.815,0.055,1.13,2.8255,0.001,0.0005,0.001500000013038516,12.0
M,0.075,0.055,1.13,2.8255,0.001,0.0005,0.001500000013038516,16.0
F,0.075,0.65,1.13,2.8255,0.001,0.0005,0.001500000013038516,16.0
F,0.815,0.055,1.13,2.8255,0.001,0.0005,0.001500000013038516,12.0
I,0.815,0.055,0.0,2.8255,0.001,0.0005,0.001500000013038516,16.0
F,0.075,0.65,1.13,2.8255,0.001,0.0005,0.001500000013038516,10.0
F,0.075,0.055,1.13,2.8255,0.001,0.0005,0.001500000013038516,10.0
F,0.815,0.055,1.13,2.8255,0.001,0.0005,0.001500000013038516,10.0
F,0.075,0.055,1.13,2.8255,0.001,0.0005,0.001500000013038516,12.0
M,0.075,0.65,1.13,2.8255,0.001,0.0005,0.001500000013038516,14.0
F,0.075,0.65,1.13,2.8255,0.001,0.0005,0.001500000013038516,16.0
F,0.815,0.055,1.13,2.8255,0.001,0.0005,0.001500000013038516,18.0
F,0.075,0.65,1.13,2.8255,0.001,0.0005,0.001500000013038516,14.0
F,0.815,0.055,1.13,2.8255,0.001,0.0005,0.001500000013038516,17.0
F,0.815,0.055,1.13,2.8255,0.001,0.0005,0.001500000013038516,12.0
F,0.075,0.65,1.13,2.8255,0.001,0.0005,0.001500000013038516,16.0
F,0.075,0.65,1.13,2.8255,0.001,0.0005,0.001500000013038516,14.0
F,0.075,0.65,1.13,2.8255,0.001,0.0005,0.001500000013038516,14.0
F,0.075,0.65,1.13,2.8255,0.001,0.0005,0.001500000013038516,10.0
F,0.075,0.65,1.13,2.8255,0.001,0.0005,0.001500000013038516,16.0
F,0.075,0.65,1.13,2.8255,0.001,0.0005,1.0049999952316284,10.0
F,0.815,0.055,1.13,2.8255,0.001,0.0005,0.001500000013038516,10.0
F,0.815,0.055,1.13,2.8255,0.001,0.0005,0.001500000013038516,18.0
F,0.075,0.055,1.13,2.8255,0.001,0.0005,0.001500000013038516,10.0
F,0.815,0.055,1.13,2.8255,0.001,0.0005,0.001500000013038516,12.0
F,0.075,0.65,1.13,2.8255,0.001,0.0005,0.001500000013038516,5.0
F,0.075,0.65,1.13,2.8255,0.001,0.0005,0.001500000013038516,14.0
M,0.075,0.65,0.0,2.8255,0.001,0.0005,1.0049999952316284,4.0
F,0.815,0.055,1.13,2.8255,0.001,0.0005,0.001500000013038516,12.0
F,0.075,0.055,1.13,2.8255,0.001,0.0005,0.001500000013038516,10.0
F,0.815,0.055,1.13,2.8255,0.001,0.0005,0.001500000013038516,12.0
F,0.075,0.65,1.13,2.8255,0.001,0.0005,0.001500000013038516,10.0
F,0.075,0.65,0.0,2.8255,0.001,0.0005,0.001500000013038516,5.0
F,0.075,0.65,1.13,2.8255,0.001,0.0005,0.001500000013038516,10.0
M,0.075,0.65,1.13,2.8255,0.001,0.0005,0.001500000013038516,16.0
F,0.815,0.055,1.13,2.8255,0.001,0.0005,0.001500000013038516,12.0
F,0.075,0.65,1.13,2.8255,0.001,0.0005,0.001500000013038516,10.0
F,0.075,0.65,1.13,2.8255,0.001,0.0005,0.001500000013038516,16.0
F,0.075,0.65,1.13,2.8255,0.001,0.0005,0.001500000013038516,16.0
F,0.075,0.65,1.13,2.8255,0.001,0.0005,0.001500000013038516,17.0
M,0.075,0.65,0.0,2.8255,0.001,0.0005,0.001500000013038516,4.0
F,0.075,0.65,1.13,2.8255,0.001,0.0005,1.0049999952316284,10.0
F,0.075,0.65,1.13,2.8255,0.001,0.0005,1.0049999952316284,10.0
F,0.075,0.055,1.13,2.8255,0.001,0.0005,0.001500000013038516,10.0
F,0.815,0.055,1.13,2.8255,0.001,0.0005,1.0049999952316284,6.0
F,0.075,0.65,1.13,2.8255,0.001,0.0005,0.001500000013038516,10.0
F,0.075,0.65,1.13,2.8255,0.001,0.0005,0.001500000013038516,10.0
F,0.815,0.055,1.13,2.8255,0.001,0.0005,0.001500000013038516,12.0
F,0.075,0.65,1.13,2.8255,0.001,0.0005,0.001500000013038516,16.0
F,0.075,0.65,1.13,2.8255,0.001,0.0005,0.001500000013038516,16.0
F,0.075,0.65,1.13,2.8255,0.001,0.0005,0.001500000013038516,16.0
F,0.815,0.055,1.13,2.8255,0.001,0.0005,0.001500000013038516,10.0
F,0.815,0.055,1.13,2.8255,0.001,0.0005,0.001500000013038516,12.0
F,0.075,0.65,1.13,2.8255,0.001,0.0005,0.001500000013038516,16.0
F,0.815,0.055,1.13,2.8255,0.001,0.0005,0.001500000013038516,12.0
F,0.075,0.055,1.13,2.8255,0.001,0.0005,0.001500000013038516,10.0
F,0.815,0.055,1.13,2.8255,0.001,0.0005,0.001500000013038516,12.0
F,0.075,0.65,1.13,2.8255,0.001,0.0005,0.001500000013038516,16.0
F,0.075,0.65,1.13,2.8255,0.001,0.0005,0.001500000013038516,5.0
F,0.075,0.65,1.13,2.8255,0.001,0.0005,1.0049999952316284,6.0
F,0.815,0.055,1.13,2.8255,0.001,0.0005,0.001500000013038516,12.0
I,0.815,0.055,1.13,2.8255,0.001,0.0005,0.001500000013038516,18.0
F,0.075,0.055,1.13,2.8255,0.001,0.0005,0.001500000013038516,10.0
M,0.075,0.65,0.0,2.8255,0.001,0.0005,0.001500000013038516,16.0
F,0.815,0.055,1.13,2.8255,0.001,0.0005,0.001500000013038516,18.0
F,0.8149951,0.055,1.13,2.8255,0.001,0.0005,0.001500000013038516,12.0
F,0.075,0.65,1.13,2.8255,0.001,0.0005,0.001500000013038516,5.0
F,0.075,0.65,1.13,2.8255,0.001,0.0005,1.0049999952316284,10.0
F,0.075,0.055,1.13,2.8255,0.001,0.0005,0.001500000013038516,18.0
F,0.075,0.65,0.0,2.8255,0.001,0.0005,1.0049999952316284,18.0
F,0.075,0.055,1.13,2.8255,0.001,0.0005,0.001500000013038516,12.0
F,0.075,0.055,1.13,2.8255,0.001,0.0005,0.001500000013038516,10.0
F,0.815,0.055,1.13,2.8255,0.001,0.0005,0.001500000013038516,12.0
F,0.075,0.65,1.13,2.8255,0.001,0.0005,1.0049999952316284,6.0
M,0.075,0.65,1.13,2.8255,0.001,0.0005,0.001500000013038516,16.0
F,0.815,0.055,1.13,2.8255,0.001,0.0005,0.001500000013038516,10.0
F,0.075,0.65,1.13,2.8255,0.001,0.0005,0.001500000013038516,10.0
F,0.075,0.65,1.13,2.8255,0.001,0.0005,0.001500000013038516,10.0
F,0.075,0.055,1.13,2.8255,0.001,0.0005,1.0049999952316284,6.0
F,0.075,0.65,1.13,2.8255,0.001,0.0005,0.001500000013038516,16.0
F,0.815,0.055,1.13,2.8255,0.001,0.0005,0.001500000013038516,12.0
F,0.075,0.055,1.13,2.8255,0.001,0.0005,0.001500000013038516,10.0
F,0.075,0.65,1.13,2.8255,0.001,0.0005,0.001500000013038516,16.0
F,0.815,0.055,1.13,2.8255,0.001,0.0005,0.001500000013038516,12.0
F,0.075,0.65,1.13,2.8255,0.001,0.0005,0.001500000013038516,5.0
F,0.815,0.055,1.13,2.8255,0.001,0.0005,0.001500000013038516,18.0
F,0.075,0.65,1.13,2.8255,0.001,0.0005,0.001500000013038516,5.0
M,0.075,0.65,0.0,2.8255,0.001,0.0005,0.001500000013038516,16.0
F,0.075,0.65,1.13,2.8255,0.001,0.0005,1.0049999952316284,10.0
F,0.815,0.055,1.13,2.8255,0.001,0.0005,0.001500000013038516,5.0
F,0.815,0.055,1.13,2.8255,0.001,0.0005,0.001500000013038516,12.0
F,0.075,0.65,1.13,2.8255,0.001,0.0005,0.001500000013038516,10.0
F,0.815,0.055,0.0,2.8255,0.001,0.0005,0.001500000013038516,12.0
F,0.075,0.65,1.13,2.8255,0.001,0.0005,0.001500000013038516,10.0
F,0.815,0.055,1.13,2.8255,0.001,0.0005,0.001500000013038516,12.0
F,0.815,0.055,1.13,2.8255,0.001,0.0005,0.001500000013038516,10.0
F,0.075,0.65,1.13,2.8255,0.001,0.0005,1.0049999952316284,6.0
F,0.075,0.65,1.13,2.8255,0.001,0.0005,0.001500000013038516,15.0
F,0.075,0.055,1.13,2.8255,0.001,0.0005,0.001500000013038516,12.0
F,0.815,0.055,1.13,2.8255,0.001,0.0005,0.001500000013038516,12.0
M,0.075,0.65,1.13,2.8255,0.001,0.0005,0.001500000013038516,16.0
F,0.815,0.055,1.13,2.8255,0.001,0.0005,0.001500000013038516,12.0
F,0.075,0.65,1.13,2.8255,0.001,0.0005,0.001500000013038516,14.0
M,0.075,0.65,0.0,2.8255,0.001,0.0005,0.001500000013038516,15.0
F,0.815,0.055,1.13,2.8255,0.001,0.0005,0.001500000013038516,12.0
F,0.075,0.65,1.13,2.8255,0.001,0.0005,1.0049999952316284,10.0
F,0.815,0.055,1.13,2.8255,0.001,0.0005,0.001500000013038516,12.0
M,0.815,0.055,1.13,2.8255,0.001,0.0005,0.001500000013038516,18.0
F,0.075,0.055,1.13,2.8255,0.001,0.0005,0.001500000013038516,10.0
M,0.075,0.65,1.13,2.8255,0.001,0.0005,0.001500000013038516,16.0
F,0.075,0.65,1.13,2.8255,0.001,0.0005,0.001500000013038516,16.0
F,0.815,0.055,1.13,2.8255,0.001,0.0005,0.001500000013038516,12.0
F,0.075,0.055,1.13,2.8255,0.001,0.0005,0.001500000013038516,16.0
M,0.075,0.65,1.13,2.8255,0.001,0.0005,0.001500000013038516,18.0
F,0.075,0.65,1.13,2.8255,0.001,0.0005,0.001500000013038516,10.0
F,0.075,0.65,1.13,2.8255,0.001,0.0005,0.001500000013038516,5.0
F,0.075,0.65,1.13,2.8255,0.001,0.0005,0.001500000013038516,10.0
F,0.075,0.055,1.13,2.8255,0.001,0.0005,0.001500000013038516,10.0
F,0.075,0.055,1.13,2.8255,0.001,0.0005,0.001500000013038516,18.0
F,0.075,0.65,1.13,2.8255,0.001,0.0005,0.001500000013038516,12.0
F,0.075,0.65,1.13,2.8255,0.001,0.0005,0.001500000013038516,14.0
I,0.815,0.055,1.13,2.8255,0.001,0.0005,0.001500000013038516,18.0
M,0.075,0.65,1.13,2.8255,0.001,0.0005,0.001500000013038516,16.0
F,0.815,0.055,1.13,2.8255,0.001,0.0005,0.001500000013038516,12.0
F,0.075,0.65,1.13,2.8255,0.001,0.0005,1.0049999952316284,10.0
M,0.815,0.055,1.13,2.8255,0.001,0.0005,0.001500000013038516,18.0
F,0.075,0.65,1.13,2.8255,0.001,0.0005,0.001500000013038516,10.0
F,0.075,0.055,1.13,2.8255,0.001,0.0005,0.001500000013038516,10.0
F,0.815,0.055,1.13,2.8255,0.001,0.0005,0.001500000013038516,12.0
M,0.075,0.65,1.13,2.8255,0.001,0.0005,0.001500000013038516,16.0
F,0.075,0.055,1.13,2.8255,0.001,0.0005,0.001500000013038516,10.0
F,0.075,0.65,1.13,2.8255,0.001,0.0005,0.001500000013038516,10.0
F,0.075,0.65,1.13,2.8255,0.001,0.0005,0.001500000013038516,16.0
F,0.815,0.055,1.13,2.8255,0.001,0.0005,0.001500000013038516,12.0
F,0.075,0.055,1.13,2.8255,0.001,0.0005,0.001500000013038516,10.0
M,0.815,0.055,0.040045213,0.002,1.488,0.0005,0.001500000013038516,18.0
F,0.815,0.055,1.13,2.8255,0.001,0.0005,0.001500000013038516,7.0
F,0.075,0.65,1.13,2.8255,0.001,0.0005,0.001500000013038516,10.0
M,0.075,0.65,0.0,2.8255,0.001,0.0005,0.001500000013038516,16.0
F,0.815,0.055,1.13,2.8255,0.001,0.0005,0.001500000013038516,12.0
I,0.815,0.055,0.0,2.8255,0.001,0.0005,0.001500000013038516,16.0
F,0.075,0.65,1.13,2.8255,0.001,0.0005,0.001500000013038516,16.0
F,0.815,0.055,1.13,2.8255,0.001,0.0005,0.001500000013038516,12.0
M,0.815,0.055,1.13,2.8255,0.001,0.0005,0.001500000013038516,4.0
F,0.075,0.65,1.13,2.8255,0.001,0.0005,0.001500000013038516,16.0
F,0.815,0.055,0.0,2.8255,0.001,0.0005,1.0049999952316284,9.0
F,0.075,0.65,1.13,2.8255,0.001,0.0005,0.001500000013038516,16.0
F,0.815,0.055,1.13,2.8255,0.001,0.0005,0.001500000013038516,12.0
F,0.075,0.65,1.13,2.8255,0.001,0.0005,0.001500000013038516,5.0
F,0.075,0.055,1.13,2.8255,0.001,0.0005,0.001500000013038516,4.0
F,0.815,0.055,1.13,2.8255,0.001,0.0005,0.001500000013038516,10.0
F,0.075,0.055,1.13,2.8255,0.001,0.0005,0.001500000013038516,10.0
M,0.075,0.65,1.13,2.8255,0.001,0.0005,0.001500000013038516,16.0
M,0.075,0.055,1.13,2.8255,0.001,0.0005,0.001500000013038516,14.0
F,0.075,0.65,1.13,2.8255,0.001,0.0005,0.001500000013038516,10.0
F,0.815,0.055,1.13,2.8255,0.001,0.0005,0.001500000013038516,12.0
M,0.075,0.65,0.0,2.8255,0.001,0.0005,0.001500000013038516,16.0
M,0.075,0.055,1.13,2.8255,0.001,0.0005,0.001500000013038516,18.0
F,0.075,0.055,1.13,2.8255,0.001,0.0005,0.001500000013038516,5.0
F,0.075,0.65,1.13,2.8255,0.001,0.0005,0.001500000013038516,10.0
F,0.075,0.055,1.13,2.8255,0.001,0.0005,0.001500000013038516,10.0
F,0.075,0.055,1.13,2.8255,0.001,0.0005,0.001500000013038516,14.0
F,0.075,0.65,0.0,2.8255,0.001,0.0005,0.001500000013038516,5.0
F,0.075,0.65,0.0,2.8255,0.001,0.0005,0.001500000013038516,5.0
F,0.815,0.055,1.13,2.8255,0.001,0.0005,0.001500000013038516,12.0
F,0.075,0.65,1.13,2.8255,0.001,0.0005,1.0049999952316284,6.0
F,0.075,0.65,1.13,2.8255,0.001,0.0005,0.001500000013038516,14.0
F,0.815,0.055,1.13,2.8255,0.001,0.0005,0.001500000013038516,12.0
I,0.815,0.055,0.0,2.8255,0.001,0.0005,0.001500000013038516,1.0
I,0.075,0.65,0.0,2.8255,0.001,0.0005,1.0049999952316284,6.0
F,0.075,0.65,1.13,2.8255,0.001,0.0005,0.001500000013038516,14.0
F,0.075,0.65,1.13,2.8255,0.001,0.0005,0.001500000013038516,10.0
F,0.075,0.65,1.13,2.8255,0.001,0.0005,0.001500000013038516,10.0
F,0.075,0.65,1.13,2.8255,0.001,0.0005,0.001500000013038516,10.0
F,0.075,0.65,0.0,2.8255,0.001,0.0005,1.0049999952316284,5.0
F,0.815,0.055,1.13,2.8255,0.001,0.0005,0.001500000013038516,18.0
F,0.815,0.055,1.13,2.8255,0.001,0.0005,0.001500000013038516,12.0
F,0.815,0.055,1.13,2.8255,0.001,0.0005,0.001500000013038516,12.0
F,0.815,0.055,1.13,2.8255,0.001,0.0005,0.001500000013038516,12.0
F,0.815,0.055,1.13,2.8255,0.001,0.0005,0.001500000013038516,12.0
F,0.075,0.65,1.13,2.8255,0.001,0.0005,1.0049999952316284,10.0
F,0.815,0.055,1.13,2.8255,0.001,0.0005,1.0049999952316284,10.0
M,0.815,0.055,1.13,2.8255,0.001,0.0005,0.001500000013038516,18.0
F,0.075,0.65,1.13,2.8255,0.001,0.0005,0.001500000013038516,16.0
F,0.075,0.65,1.13,2.8255,0.001,0.0005,0.001500000013038516,10.0
F,0.815,0.055,1.13,2.8255,0.001,0.0005,1.0049999952316284,7.0
F,0.075,0.65,1.13,2.8255,0.001,0.0005,0.001500000013038516,14.0
F,0.075,0.055,1.13,2.8255,0.001,0.0005,0.001500000013038516,12.0
F,0.815,0.055,1.13,2.8255,0.001,0.0005,0.001500000013038516,12.0
M,0.075,0.055,1.13,2.8255,0.001,0.0005,0.001500000013038516,14.0
F,0.815,0.055,1.13,2.8255,0.001,0.0005,0.001500000013038516,12.0
I,0.815,0.055,0.0,2.8255,0.001,0.0005,0.001500000013038516,12.0
F,0.075,0.65,1.13,2.8255,0.001,0.0005,0.001500000013038516,5.0
M,0.075,0.65,0.0,2.8255,0.001,0.0005,1.0049999952316284,18.0
I,0.815,0.055,1.13,2.8255,0.001,0.0005,0.001500000013038516,18.0
M,0.815,0.055,0.0,2.8255,0.001,0.0005,0.001500000013038516,5.0
F,0.075,0.65,1.13,2.8255,0.001,0.0005,0.001500000013038516,10.0
M,0.075,0.65,1.13,2.8255,0.001,0.0005,0.001500000013038516,5.0
F,0.075,0.65,1.13,2.8255,0.001,0.0005,1.0049999952316284,6.0
F,0.075,0.055,1.13,2.8255,0.001,0.0005,0.001500000013038516,10.0
F,0.075,0.65,0.0,2.8255,0.001,0.0005,0.001500000013038516,5.0
M,0.075,0.055,1.13,2.8255,0.001,0.0005,0.001500000013038516,16.0
F,0.075,0.65,1.13,2.8255,0.001,0.0005,0.001500000013038516,16.0
F,0.075,0.65,1.13,2.8255,0.001,0.0005,0.001500000013038516,5.0
M,0.075,0.055,1.13,2.8255,0.001,0.0005,0.001500000013038516,4.0
F,0.075,0.65,1.13,2.8255,0.001,0.0005,0.001500000013038516,14.0
F,0.815,0.055,1.13,2.8255,0.001,0.0005,0.001500000013038516,12.0
F,0.075,0.055,1.13,2.8255,0.001,0.0005,1.0049999952316284,6.0
F,0.075,0.65,1.13,2.8255,0.001,0.0005,1.0049999952316284,10.0
F,0.075,0.055,1.13,2.8255,0.001,0.0005,0.001500000013038516,12.0
F,0.075,0.055,1.13,2.8255,0.001,0.0005,0.001500000013038516,12.0
F,0.815,0.055,1.13,2.8255,0.001,0.0005,0.001500000013038516,16.0
M,0.075,0.65,0.0,2.8255,0.001,0.0005,0.001500000013038516,16.0
F,0.815,0.055,1.13,2.8255,0.001,0.0005,0.001500000013038516,14.0
F,0.815,0.055,1.13,2.8255,0.001,0.0005,0.001500000013038516,12.0
I,0.815,0.055,0.0,2.8255,0.001,0.0005,0.001500000013038516,16.0
F,0.075,0.055,1.13,2.8255,0.001,0.0005,0.001500000013038516,16.0
M,0.815,0.055,1.13,2.8255,0.001,0.0005,0.001500000013038516,5.0
F,0.815,0.055,1.13,2.8255,0.001,0.0005,0.001500000013038516,10.0
M,0.075,0.65,1.13,2.8255,0.001,0.0005,0.001500000013038516,16.0
F,0.075,0.055,1.13,2.8255,0.001,0.0005,0.001500000013038516,10.0
F,0.815,0.055,1.13,2.8255,0.001,0.0005,0.001500000013038516,12.0
F,0.075,0.65,1.13,2.8255,0.001,0.0005,0.001500000013038516,10.0
M,0.815,0.055,1.13,2.8255,0.001,0.0005,0.001500000013038516,18.0
M,0.075,0.65,1.13,2.8255,0.001,0.0005,0.001500000013038516,16.0
F,0.815,0.055,1.13,2.8255,0.001,0.0005,0.001500000013038516,12.0
F,0.815,0.055,1.13,2.8255,0.001,0.0005,1.0049999952316284,12.0
F,0.075,0.65,1.13,2.8255,0.001,0.0005,1.0049999952316284,6.0
F,0.075,0.65,1.13,2.8255,0.001,0.0005,0.001500000013038516,10.0
F,0.075,0.055,1.13,2.8255,0.001,0.0005,0.001500000013038516,16.0
F,0.815,0.055,1.13,2.8255,0.001,0.0005,0.001500000013038516,12.0
F,0.815,0.055,1.13,2.8255,0.001,0.0005,0.001500000013038516,14.0
F,0.815,0.055,1.13,2.8255,0.001,0.0005,0.001500000013038516,12.0
I,0.815,0.055,1.13,2.8255,0.001,0.0005,0.001500000013038516,18.0
F,0.075,0.65,1.13,2.8255,0.001,0.0005,0.001500000013038516,18.0
F,0.075,0.65,1.13,2.8255,0.001,0.0005,0.001500000013038516,5.0
F,0.075,0.65,1.13,2.8255,0.001,0.0005,0.001500000013038516,10.0
F,0.075,0.65,1.13,2.8255,0.001,0.0005,0.001500000013038516,10.0
F,0.075,0.055,1.13,2.8255,0.001,0.0005,0.001500000013038516,14.0
I,0.815,0.055,0.0,2.8255,0.001,0.0005,1.0049999952316284,7.0
I,0.815,0.055,1.13,2.8255,0.001,0.0005,1.0049999952316284,6.0
F,0.075,0.055,1.13,2.8255,0.001,0.0005,0.001500000013038516,14.0
F,0.075,0.65,1.13,2.8255,0.001,0.0005,1.0049999952316284,6.0
F,0.815,0.055,1.13,2.8255,0.001,0.0005,0.001500000013038516,12.0
F,0.075,0.65,1.13,2.8255,0.001,0.0005,0.001500000013038516,10.0
F,0.815,0.055,1.13,2.8255,0.001,0.0005,0.001500000013038516,12.0
F,0.075,0.65,1.13,2.8255,0.001,0.0005,0.001500000013038516,10.0
F,0.075,0.65,1.13,2.8255,0.001,0.0005,0.001500000013038516,10.0
F,0.815,0.055,1.13,2.8255,0.001,0.0005,0.001500000013038516,12.0
F,0.075,0.055,1.13,2.8255,0.001,0.0005,0.001500000013038516,12.0
F,0.075,0.65,1.13,2.8255,0.001,0.0005,0.001500000013038516,10.0
F,0.075,0.65,1.13,2.8255,0.001,0.0005,0.001500000013038516,10.0
M,0.815,0.055,1.13,2.8255,0.001,0.0005,0.001500000013038516,14.0
I,0.815,0.055,0.0,2.8255,0.001,0.0005,0.001500000013038516,1.0
F,0.075,0.055,1.13,2.8255,0.001,0.0005,0.001500000013038516,12.0
F,0.075,0.65,1.13,2.8255,0.001,0.0005,1.0049999952316284,10.0
F,0.075,0.65,1.13,2.8255,0.001,0.0005,1.0049999952316284,10.0
M,0.815,0.055,1.13,2.8255,0.001,0.0005,0.001500000013038516,14.0
F,0.075,0.65,1.13,2.8255,0.001,0.0005,1.0049999952316284,6.0
F,0.815,0.055,1.13,2.8255,0.001,0.0005,0.001500000013038516,12.0
M,0.075,0.65,1.13,2.8255,0.001,0.0005,0.001500000013038516,18.0
F,0.815,0.055,1.13,2.8255,0.001,0.0005,0.001500000013038516,12.0
F,0.075,0.055,1.13,2.8255,0.001,0.0005,0.001500000013038516,14.0
F,0.075,0.65,1.13,2.8255,0.001,0.0005,0.001500000013038516,10.0
F,0.815,0.055,1.13,2.8255,0.001,0.0005,0.001500000013038516,12.0
F,0.075,0.055,1.13,2.8255,0.001,0.0005,0.001500000013038516,10.0
F,0.075,0.65,1.13,2.8255,0.001,0.0005,1.0049999952316284,10.0
F,0.815,0.055,1.13,2.8255,0.001,0.0005,0.001500000013038516,12.0
M,0.075,0.65,0.0,2.8255,0.001,0.0005,0.001500000013038516,18.0
F,0.075,0.65,1.13,2.8255,0.001,0.0005,0.001500000013038516,5.0
F,0.815,0.055,1.13,2.8255,0.001,0.0005,0.001500000013038516,12.0
M,0.075,0.65,0.0,2.8255,0.001,0.0005,1.0049999952316284,4.0
F,0.075,0.65,0.0,2.8255,0.001,0.0005,0.001500000013038516,5.0
F,0.075,0.65,1.13,2.8255,0.001,0.0005,0.001500000013038516,14.0
M,0.075,0.65,1.13,2.8255,0.001,0.0005,0.001500000013038516,16.0
M,0.075,0.65,1.13,2.8255,0.001,0.0005,0.001500000013038516,5.0
F,0.815,0.055,1.13,2.8255,0.001,0.0005,0.001500000013038516,12.0
F,0.075,0.65,1.13,2.8255,0.001,0.0005,0.001500000013038516,14.0
F,0.815,0.055,1.13,2.8255,0.001,0.0005,0.001500000013038516,12.0
F,0.815,0.055,1.13,2.8255,0.001,0.0005,0.001500000013038516,14.0
F,0.815,0.055,1.13,2.8255,0.001,0.0005,0.001500000013038516,12.0
F,0.075,0.65,1.13,2.8255,0.001,0.0005,0.001500000013038516,14.0
F,0.815,0.055,1.13,2.8255,0.001,0.0005,0.001500000013038516,10.0
F,0.075,0.65,1.13,2.8255,0.001,0.0005,0.001500000013038516,10.0
M,0.075,0.65,0.0,2.8255,0.001,0.0005,0.001500000013038516,5.0
M,0.815,0.055,1.13,2.8255,0.001,0.0005,0.001500000013038516,18.0
M,0.075,0.65,1.13,2.8255,0.001,0.0005,0.001500000013038516,16.0
F,0.815,0.055,1.13,2.8255,0.001,0.0005,0.001500000013038516,12.0
F,0.815,0.055,1.13,2.8255,0.001,0.0005,0.001500000013038516,12.0
F,0.075,0.055,1.13,2.8255,0.001,0.0005,0.001500000013038516,12.0
F,0.075,0.65,1.13,2.8255,0.001,0.0005,1.0049999952316284,5.0
F,0.075,0.055,1.13,2.8255,0.001,0.0005,0.001500000013038516,12.0
F,0.075,0.055,1.13,2.8255,0.001,0.0005,0.001500000013038516,10.0
F,0.815,0.055,1.13,2.8255,0.001,0.0005,0.001500000013038516,12.0
F,0.075,0.65,1.13,2.8255,0.001,0.0005,0.001500000013038516,17.0
F,0.815,0.055,1.13,2.8255,0.001,0.0005,0.001500000013038516,14.0
F,0.815,0.055,1.13,2.8255,0.001,0.0005,0.001500000013038516,12.0
F,0.075,0.65,1.13,2.8255,0.001,0.0005,0.001500000013038516,17.0
F,0.075,0.65,1.13,2.8255,0.001,0.0005,0.001500000013038516,14.0
F,0.075,0.055,1.13,2.8255,0.001,0.0005,0.001500000013038516,10.0
F,0.815,0.055,1.13,2.8255,0.001,0.0005,0.001500000013038516,12.0
F,0.075,0.65,1.13,2.8255,0.001,0.0005,0.001500000013038516,14.0
F,0.075,0.65,1.13,2.8255,0.001,0.0005,0.001500000013038516,16.0
F,0.075,0.65,1.13,2.8255,0.001,0.0005,0.001500000013038516,10.0
F,0.075,0.65,1.13,2.8255,0.001,0.0005,0.001500000013038516,10.0
F,0.815,0.055,1.13,2.8255,0.001,0.0005,0.001500000013038516,12.0
F,0.075,0.65,1.13,2.8255,0.001,0.0005,0.001500000013038516,17.0
F,0.075,0.65,0.0,2.8255,0.001,0.0005,1.0049999952316284,10.0
F,0.075,0.65,1.13,2.8255,0.001,0.0005,0.001500000013038516,10.0
F,0.075,0.65,1.13,2.8255,0.001,0.0005,0.001500000013038516,17.0
F,0.075,0.65,1.13,2.8255,0.001,0.0005,0.001500000013038516,10.0
F,0.075,0.65,1.1294775,2.8255,0.001,0.0005,0.001500000013038516,5.0
F,0.075,0.65,1.13,2.8255,0.001,0.0005,0.001500000013038516,10.0
F,0.075,0.65,1.13,2.8255,0.001,0.0005,0.001500000013038516,10.0
F,0.815,0.055,1.13,2.8255,0.001,0.0005,0.001500000013038516,18.0
F,0.815,0.055,1.13,2.8255,0.001,0.0005,0.001500000013038516,12.0
F,0.815,0.055,1.13,2.8255,0.001,0.0005,0.001500000013038516,12.0
F,0.815,0.055,1.13,2.8255,0.001,0.0005,0.001500000013038516,12.0
F,0.075,0.055,1.13,2.8255,0.001,0.0005,0.001500000013038516,12.0
I,0.815,0.055,0.0,2.8255,0.001,0.0005,0.001500000013038516,5.0
F,0.075,0.055,1.13,2.8255,0.001,0.0005,0.001500000013038516,12.0
F,0.815,0.055,1.13,2.8255,0.001,0.0005,0.001500000013038516,14.0
F,0.815,0.055,1.13,2.8255,0.001,0.0005,0.001500000013038516,12.0
M,0.075,0.65,1.13,2.8255,0.001,0.0005,0.001500000013038516,16.0
F,0.815,0.055,1.13,2.8255,0.001,0.0005,0.001500000013038516,10.0
F,0.075,0.65,1.13,2.8255,0.001,0.0005,0.001500000013038516,10.0
F,0.815,0.055,1.13,2.8255,0.001,0.0005,0.001500000013038516,10.0
F,0.075,0.65,1.13,2.8255,0.001,0.0005,0.001500000013038516,10.0
F,0.075,0.65,1.13,2.8255,0.001,0.0005,1.0049999952316284,10.0
F,0.075,0.055,1.13,2.8255,0.001,0.0005,0.001500000013038516,10.0
F,0.815,0.055,1.13,2.8255,0.001,0.0005,0.001500000013038516,18.0
F,0.075,0.055,1.13,2.8255,0.001,0.0005,0.001500000013038516,12.0
F,0.815,0.055,1.13,2.8255,0.001,0.0005,0.001500000013038516,12.0
F,0.075,0.65,1.13,2.8255,0.001,0.0005,0.001500000013038516,10.0
F,0.815,0.055,1.13,2.8255,0.001,0.0005,0.001500000013038516,12.0
F,0.075,0.65,1.13,2.8255,0.001,0.0005,0.001500000013038516,14.0
F,0.815,0.055,1.13,2.8255,0.001,0.0005,0.001500000013038516,12.0
F,0.075,0.65,0.0,2.8255,0.001,0.0005,1.0049999952316284,10.0
F,0.815,0.055,1.13,2.8255,0.001,0.0005,0.001500000013038516,12.0
F,0.075,0.65,1.13,2.8255,0.001,0.0005,0.001500000013038516,10.0
I,0.815,0.055,0.0,2.8255,0.001,0.0005,0.001500000013038516,12.0
M,0.815,0.055,1.13,2.8255,0.001,0.0005,0.001500000013038516,5.0
F,0.075,0.65,0.0,2.8255,0.001,0.0005,1.0049999952316284,6.0
F,0.075,0.65,1.13,2.8255,0.001,0.0005,0.001500000013038516,16.0
F,0.075,0.65,1.13,2.8255,0.001,0.0005,0.001500000013038516,14.0
F,0.815,0.055,1.13,2.8255,0.001,0.0005,0.001500000013038516,12.0
I,0.815,0.055,0.0,2.8255,0.001,0.0005,0.001500000013038516,14.0
F,0.075,0.055,1.13,2.8255,0.001,0.0005,0.001500000013038516,16.0
F,0.075,0.65,1.13,2.8255,0.001,0.0005,0.001500000013038516,10.0
F,0.815,0.055,1.13,2.8255,0.001,0.0005,0.001500000013038516,10.0
F,0.075,0.055,1.13,2.8255,0.001,0.0005,0.001500000013038516,18.0
F,0.815,0.055,1.13,2.8255,0.001,0.0005,0.001500000013038516,12.0
F,0.075,0.65,1.13,2.8255,0.001,0.0005,0.001500000013038516,16.0
F,0.075,0.055,1.13,2.8255,0.001,0.0005,1.0049999952316284,6.0
F,0.815,0.055,1.13,2.8255,0.001,0.0005,0.001500000013038516,12.0
F,0.075,0.055,1.13,2.8255,0.001,0.0005,0.001500000013038516,10.0
F,0.075,0.055,1.13,2.8255,0.001,0.0005,1.0049999952316284,6.0
I,0.815,0.055,1.13,2.8255,0.001,0.0005,1.0049999952316284,10.0
F,0.075,0.65,1.13,2.8255,0.001,0.0005,0.001500000013038516,5.0
F,0.075,0.055,1.13,2.8255,0.001,0.0005,0.001500000013038516,12.0
F,0.815,0.055,1.13,2.8255,0.001,0.0005,0.001500000013038516,12.0
F,0.075,0.65,1.13,2.8255,0.001,0.0005,0.001500000013038516,10.0
F,0.815,0.055,1.13,2.8255,0.001,0.0005,0.001500000013038516,18.0
M,0.075,0.65,1.13,2.8255,0.001,0.0005,0.001500000013038516,16.0
F,0.815,0.055,1.13,2.8255,0.001,0.0005,0.001500000013038516,18.0
F,0.075,0.65,1.13,2.8255,0.001,0.0005,0.001500000013038516,14.0
F,0.075,0.65,1.13,2.8255,0.001,0.0005,0.001500000013038516,10.0
F,0.075,0.65,1.13,2.8255,0.001,0.0005,0.001500000013038516,12.0
F,0.075,0.65,1.13,2.8255,0.001,0.0005,0.001500000013038516,10.0
F,0.075,0.65,1.13,2.8255,0.001,0.0005,0.001500000013038516,10.0
M,0.815,0.055,1.13,2.8255,0.001,0.0005,0.001500000013038516,18.0
F,0.815,0.055,1.13,2.8255,0.001,0.0005,0.001500000013038516,12.0
F,0.075,0.65,1.13,2.8255,0.001,0.0005,0.001500000013038516,14.0
F,0.815,0.055,1.13,2.8255,0.001,0.0005,0.001500000013038516,18.0
I,0.815,0.055,0.0,2.8255,0.001,0.0005,0.001500000013038516,5.0
F,0.075,0.65,1.13,2.8255,0.001,0.0005,0.001500000013038516,10.0
F,0.815,0.055,1.13,2.8255,0.001,0.0005,0.001500000013038516,5.0
M,0.815,0.055,1.13,2.8255,0.001,0.0005,0.001500000013038516,14.0
M,0.815,0.055,1.13,2.8255,0.001,0.0005,0.001500000013038516,18.0
F,0.075,0.055,1.13,2.8255,0.001,0.0005,0.001500000013038516,10.0
F,0.075,0.055,1.13,2.8255,0.001,0.0005,0.001500000013038516,10.0
F,0.815,0.055,1.13,2.8255,0.001,0.0005,0.001500000013038516,12.0
F,0.075,0.65,1.13,2.8255,0.001,0.0005,0.001500000013038516,10.0
F,0.075,0.65,1.13,2.8255,0.001,0.0005,0.001500000013038516,16.0
F,0.075,0.65,1.13,2.8255,0.001,0.0005,1.0049999952316284,6.0
F,0.075,0.65,1.13,2.8255,0.001,0.0005,0.001500000013038516,5.0
F,0.075,0.65,1.13,2.8255,0.001,0.0005,0.001500000013038516,18.0
F,0.075,0.65,1.13,2.8255,0.001,0.0005,0.001500000013038516,16.0
F,0.075,0.65,1.13,2.8255,0.001,0.0005,1.0049999952316284,6.0
F,0.815,0.055,1.13,2.8255,0.001,0.0005,0.001500000013038516,12.0
F,0.815,0.055,1.13,2.8255,0.001,0.0005,0.001500000013038516,12.0
M,0.075,0.055,1.13,2.8255,0.001,0.0005,0.001500000013038516,14.0
F,0.815,0.055,1.13,2.8255,0.001,0.0005,0.001500000013038516,10.0
M,0.815,0.055,0.0,2.8255,0.001,0.0005,0.001500000013038516,14.0
F,0.815,0.055,1.13,2.8255,0.001,0.0005,0.001500000013038516,14.0
F,0.075,0.65,1.13,2.8255,0.001,0.0005,0.001500000013038516,16.0
M,0.075,0.65,1.13,2.8255,0.001,0.0005,0.001500000013038516,16.0
F,0.075,0.055,1.13,2.8255,0.001,0.0005,0.001500000013038516,12.0
F,0.815,0.055,1.13,2.8255,0.001,0.0005,0.001500000013038516,12.0
F,0.815,0.055,1.13,2.8255,0.001,0.0005,0.001500000013038516,18.0
F,0.815,0.055,1.13,2.8255,0.001,0.0005,0.001500000013038516,12.0
M,0.075,0.65,1.13,2.8255,0.001,0.0005,0.001500000013038516,16.0
F,0.075,0.65,1.13,2.8255,0.001,0.0005,0.001500000013038516,10.0
F,0.075,0.65,1.13,2.8255,0.001,0.0005,0.001500000013038516,16.0
F,0.075,0.65,1.13,2.8255,0.001,0.0005,0.001500000013038516,14.0
M,0.075,0.65,1.13,2.8255,0.001,0.0005,0.001500000013038516,16.0
M,0.815,0.055,1.13,2.8255,0.001,0.0005,0.001500000013038516,18.0
M,0.075,0.65,1.13,2.8255,0.001,0.0005,0.001500000013038516,16.0
M,0.815,0.055,1.13,2.8255,0.001,0.0005,0.001500000013038516,18.0
F,0.075,0.055,1.13,2.8255,0.001,0.0005,0.001500000013038516,12.0
F,0.075,0.65,1.13,2.8255,0.001,0.0005,0.001500000013038516,16.0
M,0.075,0.65,1.13,2.8255,0.001,0.0005,0.001500000013038516,16.0
F,0.075,0.65,1.13,2.8255,0.001,0.0005,0.001500000013038516,10.0
F,0.815,0.055,1.13,2.8255,0.001,0.0005,0.001500000013038516,12.0
F,0.815,0.055,1.13,2.8255,0.001,0.0005,0.001500000013038516,12.0
I,0.815,0.65,0.0,2.8255,0.001,0.0005,0.001500000013038516,15.0
F,0.815,0.055,1.13,2.8255,0.001,0.0005,0.001500000013038516,12.0
F,0.075,0.65,1.13,2.8255,0.001,0.0005,0.001500000013038516,10.0
F,0.075,0.65,1.13,2.8255,0.001,0.0005,0.001500000013038516,10.0
M,0.815,0.055,1.13,2.8255,0.001,0.0005,0.001500000013038516,14.0
F,0.075,0.65,1.13,2.8255,0.001,0.0005,0.001500000013038516,5.0
F,0.075,0.65,1.13,2.8255,0.001,0.0005,1.0049999952316284,6.0
M,0.075,0.65,1.13,2.8255,0.001,0.0005,0.001500000013038516,16.0
F,0.815,0.055,1.13,2.8255,0.001,0.0005,0.001500000013038516,14.0
I,0.815,0.055,1.13,2.8255,0.001,0.0005,1.0049999952316284,9.0
F,0.075,0.055,1.13,2.8255,0.001,0.0005,0.001500000013038516,16.0
M,0.075,0.65,1.13,2.8255,0.001,0.0005,0.001500000013038516,14.0
F,0.075,0.055,1.13,2.8255,0.001,0.0005,1.0049999952316284,6.0
F,0.075,0.65,1.13,2.8255,0.001,0.0005,1.0049999952316284,6.0
F,0.075,0.65,1.13,2.8255,0.001,0.0005,0.001500000013038516,10.0
F,0.075,0.055,1.13,2.8255,0.001,0.0005,0.001500000013038516,10.0
F,0.815,0.055,1.13,2.8255,0.001,0.0005,0.001500000013038516,12.0
M,0.815,0.055,1.13,2.8255,0.001,0.0005,0.001500000013038516,18.0
F,0.075,0.65,1.13,2.8255,0.001,0.0005,1.0049999952316284,6.0
I,0.815,0.055,1.13,2.8255,0.001,0.0005,0.001500000013038516,18.0
F,0.075,0.65,1.13,2.8255,0.001,0.0005,0.001500000013038516,10.0
F,0.075,0.65,1.13,2.8255,0.001,0.0005,0.001500000013038516,10.0
F,0.075,0.65,1.13,2.8255,0.001,0.0005,0.001500000013038516,10.0
F,0.815,0.055,1.13,2.8255,0.001,0.0005,0.001500000013038516,10.0
F,0.815,0.055,1.13,2.8255,0.001,0.0005,0.001500000013038516,13.0
F,0.815,0.055,1.13,2.8255,0.001,0.0005,0.001500000013038516,12.0
M,0.815,0.055,1.13,2.8255,0.001,0.0005,0.001500000013038516,16.0
M,0.075,0.65,0.0,2.8255,0.001,0.0005,0.001500000013038516,16.0
F,0.075,0.055,1.13,2.8255,0.001,0.0005,0.001500000013038516,10.0
F,0.815,0.055,1.13,2.8255,0.001,0.0005,0.001500000013038516,12.0
F,0.075,0.65,1.13,2.8255,0.001,0.0005,0.001500000013038516,16.0
M,0.815,0.055,0.0,2.8255,0.001,0.0005,0.001500000013038516,16.0
F,0.075,0.65,1.13,2.8255,0.001,0.0005,0.001500000013038516,10.0
F,0.075,0.055,1.13,2.8255,0.001,0.0005,0.001500000013038516,14.0
M,0.075,0.65,0.0,2.8255,0.001,0.0005,0.001500000013038516,5.0
F,0.075,0.65,1.13,2.8255,0.001,0.0005,0.001500000013038516,10.0
I,0.815,0.055,1.13,2.8255,0.001,0.0005,0.001500000013038516,14.0
F,0.075,0.65,1.13,2.8255,0.001,0.0005,1.0049999952316284,6.0
F,0.815,0.055,1.13,2.8255,0.001,0.0005,0.001500000013038516,14.0
F,0.075,0.65,1.13,2.8255,0.001,0.0005,0.001500000013038516,5.0
F,0.075,0.65,1.13,2.8255,0.001,0.0005,0.001500000013038516,16.0
F,0.075,0.65,1.13,2.8255,0.001,0.0005,0.001500000013038516,10.0
F,0.075,0.65,0.0,2.8255,0.001,0.0005,0.001500000013038516,5.0
I,0.815,0.055,1.13,2.8255,0.001,0.0005,0.001500000013038516,18.0
I,0.815,0.055,0.0,2.8255,0.001,0.0005,0.001500000013038516,1.0
M,0.075,0.65,1.13,2.8255,0.001,0.0005,0.001500000013038516,16.0
F,0.075,0.65,1.13,2.8255,0.001,0.0005,0.001500000013038516,14.0
F,0.075,0.65,1.13,2.8255,0.001,0.0005,1.0049999952316284,10.0
F,0.075,0.65,1.13,2.8255,0.001,0.0005,0.001500000013038516,10.0
M,0.075,0.65,1.13,2.8255,0.001,0.0005,0.001500000013038516,16.0
F,0.075,0.055,1.13,2.8255,0.001,0.0005,0.001500000013038516,12.0
F,0.815,0.055,1.13,2.8255,0.001,0.0005,0.001500000013038516,10.0
F,0.075,0.055,1.13,2.8255,0.001,0.0005,0.001500000013038516,12.0
M,0.075,0.65,1.13,2.8255,0.001,0.0005,0.001500000013038516,16.0
F,0.075,0.65,1.13,2.8255,0.001,0.0005,0.001500000013038516,10.0
F,0.815,0.055,1.13,2.8255,0.001,0.0005,0.001500000013038516,12.0
M,0.075,0.65,1.13,2.8255,0.001,0.0005,0.001500000013038516,16.0
F,0.815,0.055,1.13,2.8255,0.001,0.0005,0.001500000013038516,12.0
F,0.075,0.055,1.13,2.8255,0.001,0.0005,0.001500000013038516,10.0
F,0.075,0.65,0.0,2.8255,0.001,0.0005,1.0049999952316284,10.0
F,0.815,0.055,1.13,2.8255,0.001,0.0005,0.001500000013038516,18.0
F,0.815,0.055,1.13,2.8255,0.001,0.0005,0.001500000013038516,12.0
F,0.075,0.65,1.13,2.8255,0.001,0.0005,0.001500000013038516,10.0
F,0.075,0.65,1.13,2.8255,0.001,0.0005,0.001500000013038516,16.0
F,0.075,0.65,1.13,2.8255,0.001,0.0005,0.001500000013038516,10.0
F,0.815,0.055,1.13,2.8255,0.001,0.0005,0.001500000013038516,10.0
F,0.815,0.055,1.13,2.8255,0.001,0.0005,0.001500000013038516,10.0
M,0.075,0.65,0.0,2.8255,0.001,0.0005,1.0049999952316284,18.0
M,0.815,0.055,1.13,2.8255,0.001,0.0005,0.001500000013038516,18.0
F,0.815,0.055,1.13,2.8255,0.001,0.0005,0.001500000013038516,10.0
M,0.815,0.055,1.13,2.8255,0.001,0.0005,0.001500000013038516,12.0
F,0.075,0.65,1.13,2.8255,0.001,0.0005,1.0049999952316284,6.0
F,0.815,0.055,1.13,2.8255,0.001,0.0005,0.001500000013038516,12.0
F,0.815,0.055,1.13,2.8255,0.001,0.0005,0.001500000013038516,14.0
F,0.075,0.055,1.13,2.8255,0.001,0.0005,0.001500000013038516,12.0
F,0.815,0.055,1.13,2.8255,0.001,0.0005,0.001500000013038516,18.0
F,0.815,0.055,1.13,2.8255,0.001,0.0005,0.001500000013038516,10.0
F,0.815,0.055,1.13,2.8255,0.001,0.0005,0.001500000013038516,12.0
F,0.815,0.055,1.13,2.8255,0.001,0.0005,0.001500000013038516,18.0
F,0.075,0.65,1.13,2.8255,0.001,0.0005,0.001500000013038516,16.0
F,0.075,0.65,0.0,2.8255,0.001,0.0005,0.001500000013038516,5.0
F,0.815,0.055,1.13,2.8255,0.001,0.0005,0.001500000013038516,12.0
F,0.075,0.65,0.0,2.8255,0.001,0.0005,0.001500000013038516,5.0
F,0.815,0.055,1.13,2.8255,0.001,0.0005,0.001500000013038516,14.0
F,0.075,0.65,1.13,2.8255,0.001,0.0005,1.0049999952316284,6.0
F,0.075,0.65,1.13,2.8255,0.001,0.0005,0.001500000013038516,10.0
F,0.815,0.055,1.13,2.8255,0.001,0.0005,0.001500000013038516,12.0
F,0.075,0.65,1.13,2.8255,0.001,0.0005,0.001500000013038516,16.0
F,0.815,0.055,1.13,2.8255,0.001,0.0005,0.001500000013038516,5.0
F,0.075,0.65,0.0,2.8255,0.001,0.0005,1.0049999952316284,6.0
F,0.815,0.055,1.13,2.8255,0.001,0.0005,0.001500000013038516,14.0
F,0.075,0.65,1.13,2.8255,0.001,0.0005,1.0049999952316284,6.0
F,0.815,0.055,1.13,2.8255,0.001,0.0005,0.001500000013038516,12.0
M,0.815,0.055,1.13,2.8255,0.001,0.0005,0.001500000013038516,14.0
M,0.815,0.055,1.1270119,2.8255,0.001,0.0005,0.001500000013038516,16.0
F,0.815,0.055,1.13,2.8255,0.001,0.0005,0.001500000013038516,12.0
F,0.075,0.65,1.13,2.8255,0.001,0.0005,0.001500000013038516,17.0
F,0.815,0.055,1.13,2.8255,0.001,0.0005,0.001500000013038516,12.0
F,0.075,0.055,1.13,2.8255,0.001,0.0005,0.001500000013038516,10.0
F,0.815,0.055,1.13,2.8255,0.001,0.0005,0.001500000013038516,14.0
F,0.075,0.65,1.13,2.8255,0.001,0.0005,0.001500000013038516,10.0
M,0.075,0.055,1.13,2.8255,0.001,0.0005,0.001500000013038516,14.0
F,0.815,0.055,1.13,2.8255,0.001,0.0005,0.001500000013038516,18.0
F,0.075,0.055,1.13,2.8255,0.001,0.0005,0.001500000013038516,18.0
F,0.075,0.65,1.13,2.8255,0.001,0.0005,0.001500000013038516,5.0
F,0.815,0.055,1.13,2.8255,0.001,0.0005,0.001500000013038516,12.0
I,0.815,0.055,0.0,2.8255,0.001,0.0005,0.001500000013038516,14.0
F,0.815,0.055,1.13,2.8255,0.001,0.0005,0.001500000013038516,10.0
F,0.075,0.65,1.13,2.8255,0.001,0.0005,0.001500000013038516,10.0
F,0.075,0.65,1.13,2.8255,0.001,0.0005,0.001500000013038516,10.0
M,0.075,0.055,1.13,2.8255,0.001,0.0005,0.001500000013038516,14.0
F,0.075,0.65,1.13,2.8255,0.001,0.0005,1.0049999952316284,18.0
F,0.075,0.65,1.13,2.8255,0.001,0.0005,0.001500000013038516,10.0
M,0.075,0.65,1.13,2.8255,0.001,0.0005,0.001500000013038516,16.0
F,0.075,0.65,1.13,2.8255,0.001,0.0005,1.0049999952316284,10.0
M,0.075,0.65,1.13,2.8255,0.001,0.0005,0.001500000013038516,16.0
F,0.075,0.65,0.0,2.8255,0.001,0.0005,0.001500000013038516,5.0
F,0.815,0.055,1.13,2.8255,0.001,0.0005,0.001500000013038516,10.0
F,0.075,0.65,1.13,2.8255,0.001,0.0005,1.0049999952316284,10.0
F,0.815,0.055,1.13,2.8255,0.001,0.0005,0.001500000013038516,12.0
F,0.075,0.055,1.13,2.8255,0.001,0.0005,0.001500000013038516,12.0
F,0.815,0.055,1.13,2.8255,0.001,0.0005,0.001500000013038516,12.0
M,0.075,0.65,1.13,2.8255,0.001,0.0005,0.001500000013038516,13.0
M,0.815,0.055,0.0,2.8255,0.001,0.0005,0.001500000013038516,18.0
F,0.815,0.055,1.13,2.8255,0.001,0.0005,0.001500000013038516,12.0
F,0.815,0.055,1.13,2.8255,0.001,0.0005,0.001500000013038516,14.0
F,0.815,0.055,1.13,2.8255,0.001,0.0005,0.001500000013038516,14.0
M,0.815,0.055,1.13,2.8255,0.001,0.0005,0.001500000013038516,14.0
F,0.815,0.055,1.13,2.8255,0.001,0.0005,0.001500000013038516,10.0
F,0.075,0.65,1.13,2.8255,0.001,0.0005,0.001500000013038516,10.0
M,0.075,0.65,1.13,2.8255,0.001,0.0005,0.001500000013038516,16.0
M,0.075,0.65,1.13,2.8255,0.001,0.0005,0.001500000013038516,5.0
M,0.815,0.055,1.13,2.8255,0.001,0.0005,0.001500000013038516,14.0
F,0.075,0.65,1.13,2.8255,0.001,0.0005,0.001500000013038516,10.0
F,0.815,0.055,1.13,2.8255,0.001,0.0005,0.001500000013038516,12.0
F,0.075,0.65,1.13,2.8255,0.001,0.0005,1.0049999952316284,10.0
F,0.815,0.055,1.13,2.8255,0.001,0.0005,0.001500000013038516,10.0
F,0.075,0.055,1.13,2.8255,0.001,0.0005,0.0015050431247800589,10.0
F,0.815,0.055,1.13,2.8255,0.001,0.0005,0.001500000013038516,12.0
F,0.815,0.055,1.13,2.8255,0.001,0.0005,0.001500000013038516,18.0
F,0.815,0.055,1.13,2.8255,0.001,0.0005,0.001500000013038516,10.0
F,0.075,0.65,1.13,2.8255,0.001,0.0005,0.001500000013038516,10.0
M,0.075,0.65,0.0,2.8255,0.001,0.0005,0.001500000013038516,5.0
M,0.075,0.055,1.13,2.8255,0.001,0.0005,0.001500000013038516,16.0
F,0.075,0.055,1.13,2.8255,0.001,0.0005,1.0049999952316284,6.0
F,0.075,0.65,1.13,2.8255,0.001,0.0005,0.001500000013038516,14.0
F,0.075,0.65,1.13,2.8255,0.001,0.0005,0.001500000013038516,16.0
F,0.075,0.055,1.13,2.8255,0.001,0.0005,0.001500000013038516,14.0
M,0.075,0.65,1.13,2.8255,0.001,0.0005,0.001500000013038516,16.0
F,0.075,0.65,1.13,2.8255,0.001,0.0005,0.001500000013038516,10.0
F,0.075,0.65,1.13,2.8255,0.001,0.0005,0.001500000013038516,12.0
M,0.075,0.055,1.13,2.8255,0.001,0.0005,0.001500000013038516,14.0
F,0.075,0.65,1.13,2.8255,0.001,0.0005,0.001500000013038516,16.0
M,0.075,0.65,1.13,2.8255,0.001,0.0005,0.001500000013038516,16.0
F,0.815,0.055,1.13,2.8255,0.001,0.0005,0.001500000013038516,12.0
F,0.075,0.65,1.13,2.8255,0.001,0.0005,0.001500000013038516,16.0
M,0.815,0.055,1.13,2.8255,1.488,0.0005,0.001500000013038516,4.0
F,0.815,0.055,1.13,2.8255,0.001,0.0005,0.001500000013038516,12.0
F,0.075,0.65,1.13,2.8255,0.001,0.0005,0.001500000013038516,16.0
F,0.815,0.055,1.13,2.8255,0.001,0.0005,0.001500000013038516,12.0
F,0.075,0.65,1.13,2.8255,0.001,0.0005,0.001500000013038516,10.0
F,0.815,0.055,1.13,2.8255,0.001,0.0005,0.001500000013038516,12.0
F,0.075,0.65,1.13,2.8255,0.001,0.0005,0.001500000013038516,5.0
F,0.075,0.65,1.13,2.8255,0.001,0.0005,0.001500000013038516,10.0
F,0.815,0.055,1.13,2.8255,0.001,0.0005,0.001500000013038516,12.0
F,0.075,0.055,1.13,2.8255,0.001,0.0005,0.001500000013038516,10.0
F,0.075,0.65,1.13,2.8255,0.001,0.0005,0.001500000013038516,10.0
F,0.075,0.055,1.13,2.8255,0.001,0.0005,0.001500000013038516,12.0
M,0.815,0.055,0.0,2.8255,0.001,0.0005,0.001500000013038516,16.0
F,0.815,0.055,1.13,2.8255,0.001,0.0005,0.001500000013038516,12.0
F,0.075,0.65,1.13,2.8255,0.001,0.0005,0.001500000013038516,10.0
F,0.075,0.65,1.13,2.8255,0.001,0.0005,0.001500000013038516,10.0
F,0.075,0.65,1.13,2.8255,0.001,0.0005,0.001500000013038516,10.0
F,0.075,0.65,1.13,2.8255,0.001,0.0005,0.001500000013038516,10.0
F,0.075,0.65,1.13,2.8255,0.001,0.0005,1.0049999952316284,10.0
F,0.815,0.055,1.13,2.8255,0.001,0.0005,0.001500000013038516,12.0
I,0.815,0.055,0.0,2.8255,0.001,0.0005,0.001500000013038516,1.0
M,0.815,0.055,0.0,2.8255,0.001,0.0005,0.001500000013038516,16.0
M,0.815,0.055,1.13,2.8255,0.001,0.0005,0.001500000013038516,18.0
F,0.075,0.65,1.13,2.8255,0.001,0.0005,0.001500000013038516,14.0
F,0.075,0.65,1.13,2.8255,0.001,0.0005,0.001500000013038516,10.0
F,0.075,0.055,1.13,2.8255,0.001,0.0005,0.001500000013038516,16.0
F,0.815,0.055,1.13,2.8255,0.001,0.0005,0.001500000013038516,10.0
F,0.075,0.055,1.13,2.8255,0.001,0.0005,0.001500000013038516,10.0
F,0.815,0.055,1.13,2.8255,0.001,0.0005,0.001500000013038516,12.0
F,0.815,0.055,1.13,2.8255,0.001,0.0005,0.001500000013038516,12.0
F,0.075,0.65,1.13,2.8255,0.001,0.0005,0.001500000013038516,16.0
F,0.815,0.055,1.13,2.8255,0.001,0.0005,0.001500000013038516,12.0
F,0.815,0.055,1.13,2.8255,0.001,0.0005,0.001500000013038516,10.0
F,0.075,0.055,1.13,2.8255,0.001,0.0005,0.001500000013038516,10.0
M,0.075,0.65,0.0,2.8255,0.001,0.0005,0.001500000013038516,5.0
F,0.075,0.65,1.13,2.8255,0.001,0.0005,0.001500000013038516,10.0
F,0.075,0.65,1.13,2.8255,0.001,0.0005,0.001500000013038516,10.0
F,0.815,0.055,1.13,2.8255,0.001,0.0005,0.001500000013038516,12.0
F,0.075,0.65,1.13,2.8255,0.001,0.0005,0.001500000013038516,10.0
M,0.075,0.055,1.13,2.8255,0.001,0.0005,0.001500000013038516,14.0
F,0.075,0.65,1.13,2.8255,0.001,0.0005,0.001500000013038516,14.0
M,0.075,0.65,1.13,2.8255,0.001,0.0005,0.001500000013038516,16.0
F,0.815,0.055,1.13,2.8255,0.001,0.0005,0.001500000013038516,12.0
F,0.075,0.65,1.13,2.8255,0.001,0.0005,0.001500000013038516,10.0
F,0.815,0.055,1.13,2.8255,0.001,0.0005,0.001500000013038516,12.0
F,0.075,0.65,1.13,2.8255,0.001,0.0005,0.001500000013038516,10.0
F,0.075,0.65,1.13,2.8255,0.001,0.0005,0.001500000013038516,18.0
F,0.075,0.65,1.13,2.8255,0.001,0.0005,1.0049999952316284,6.0
M,0.815,0.055,0.0,2.8255,0.001,0.0005,0.001500000013038516,5.0
F,0.075,0.65,1.13,2.8255,0.001,0.0005,0.001500000013038516,14.0
M,0.815,0.055,1.13,2.8255,0.001,0.0005,0.001500000013038516,14.0
F,0.075,0.65,1.13,2.8255,0.001,0.0005,0.001500000013038516,10.0
F,0.815,0.055,1.13,2.8255,0.001,0.0005,0.001500000013038516,12.0
F,0.075,0.055,1.13,2.8255,0.001,0.0005,0.001500000013038516,12.0
F,0.075,0.65,1.13,2.8255,0.001,0.0005,0.001500000013038516,10.0
F,0.075,0.65,1.13,2.8255,0.001,0.0005,0.001500000013038516,10.0
F,0.075,0.65,1.13,2.8255,0.001,0.0005,0.001500000013038516,10.0
F,0.815,0.055,1.13,2.8255,0.001,0.0005,1.0049999952316284,10.0
F,0.075,0.65,1.13,2.8255,0.001,0.0005,0.001500000013038516,16.0
F,0.075,0.65,1.13,2.8255,0.001,0.0005,1.0049999952316284,10.0
F,0.075,0.65,1.13,2.8255,0.001,0.0005,0.001500000013038516,16.0
F,0.075,0.65,1.13,2.8255,0.001,0.0005,0.001500000013038516,5.0
M,0.075,0.65,0.0,2.8255,0.001,0.0005,0.001500000013038516,16.0
F,0.075,0.65,1.13,2.8255,0.001,0.0005,0.001500000013038516,10.0
F,0.815,0.055,1.13,2.8255,0.001,0.0005,0.001500000013038516,10.0
F,0.815,0.055,1.13,2.8255,0.001,0.0005,0.001500000013038516,17.0
F,0.815,0.055,1.13,2.8255,0.001,0.0005,0.001500000013038516,12.0
F,0.075,0.65,1.13,2.8255,0.001,0.0005,0.001500000013038516,10.0
F,0.075,0.65,1.13,2.8255,0.001,0.0005,0.001500000013038516,10.0
F,0.075,0.055,1.13,2.8255,0.001,0.0005,0.001500000013038516,10.0
F,0.075,0.65,1.13,2.8255,0.001,0.0005,0.001500000013038516,10.0
F,0.815,0.055,1.13,2.8255,0.001,0.0005,0.001500000013038516,10.0
I,0.815,0.055,0.0,2.8255,0.001,0.0005,1.0049999952316284,6.0
F,0.075,0.65,1.13,2.8255,0.001,0.0005,0.001500000013038516,10.0
M,0.075,0.65,1.13,2.8255,0.001,0.0005,0.001500000013038516,16.0
F,0.075,0.65,1.13,2.8255,0.001,0.0005,1.0049999952316284,10.0
F,0.815,0.055,1.13,2.8255,0.001,0.0005,0.001500000013038516,12.0
M,0.075,0.65,1.13,2.8255,0.001,0.0005,0.001500000013038516,16.0
F,0.815,0.055,1.13,2.8255,0.001,0.0005,0.001500000013038516,12.0
F,0.815,0.055,1.13,2.8255,0.001,0.0005,0.001500000013038516,14.0
F,0.815,0.055,1.13,2.8255,0.001,0.0005,0.001500000013038516,12.0
M,0.075,0.65,0.0,2.8255,0.001,0.0005,0.001500000013038516,16.0
M,0.815,0.055,1.13,2.8255,0.001,0.0005,0.001500000013038516,18.0
F,0.815,0.055,1.13,2.8255,0.001,0.0005,0.001500000013038516,12.0
M,0.075,0.65,0.0,2.8255,0.001,0.0005,0.001500000013038516,16.0
F,0.075,0.65,1.13,2.8255,0.001,0.0005,0.001500000013038516,10.0
F,0.075,0.65,1.13,2.8255,0.001,0.0005,0.001500000013038516,16.0
I,0.815,0.055,0.0,2.8255,0.001,0.0005,0.001500000013038516,1.0
F,0.075,0.65,1.13,2.8255,0.001,0.0005,0.001500000013038516,14.0
F,0.815,0.055,1.13,2.8255,0.001,0.0005,0.001500000013038516,12.0
F,0.075,0.65,1.13,2.8255,0.001,0.0005,0.001500000013038516,14.0
F,0.815,0.055,1.13,2.8255,0.001,0.0005,0.001500000013038516,12.0
F,0.815,0.055,1.13,2.8255,0.001,0.0005,0.001500000013038516,18.0
F,0.815,0.055,1.13,2.8255,0.001,0.0005,0.001500000013038516,12.0
M,0.075,0.65,1.13,2.8255,0.001,0.0005,0.001500000013038516,16.0
F,0.815,0.055,1.13,2.8255,0.001,0.0005,0.001500000013038516,12.0
F,0.075,0.65,0.0,2.8255,0.001,0.0005,0.001500000013038516,5.0
F,0.075,0.055,1.13,2.8255,0.001,0.0005,0.001500000013038516,12.0
F,0.075,0.055,1.13,2.8255,0.001,0.0005,0.001500000013038516,12.0
F,0.815,0.055,1.13,2.8255,0.001,0.0005,0.001500000013038516,18.0
F,0.075,0.65,1.13,2.8255,0.001,0.0005,0.001500000013038516,10.0
M,0.815,0.055,1.13,2.8255,0.001,0.0005,0.001500000013038516,14.0
F,0.075,0.65,1.13,2.8255,0.001,0.0005,0.001500000013038516,10.0
F,0.815,0.055,0.0,2.8255,0.001,0.0005,0.001500000013038516,12.0
F,0.075,0.055,1.13,2.8255,0.001,0.0005,0.001500000013038516,10.0
F,0.075,0.055,1.13,2.8255,0.001,0.0005,0.001500000013038516,12.0
F,0.075,0.65,1.13,2.8255,0.001,0.0005,0.001500000013038516,10.0
F,0.815,0.055,1.13,2.8255,0.001,0.0005,0.001500000013038516,12.0
F,0.815,0.055,1.13,2.8255,0.001,0.0005,0.001500000013038516,18.0
F,0.815,0.055,1.13,2.8255,0.001,0.0005,0.001500000013038516,12.0
F,0.815,0.055,1.13,2.8255,0.001,0.0005,0.001500000013038516,12.0
M,0.815,0.055,1.13,2.8255,0.001,0.0005,0.001500000013038516,18.0
F,0.075,0.055,1.13,2.8255,0.001,0.0005,0.001500000013038516,12.0
F,0.075,0.055,1.13,2.8255,0.001,0.0005,0.001500000013038516,10.0
I,0.075,0.65,0.0,2.8255,0.001,0.0005,1.0049999952316284,7.0
F,0.815,0.055,1.13,2.8255,0.001,0.0005,0.001500000013038516,16.0
F,0.815,0.055,1.13,2.8255,0.001,0.0005,0.001500000013038516,12.0
F,0.815,0.055,1.13,2.8255,0.001,0.0005,0.001500000013038516,12.0
M,0.075,0.65,1.13,2.8255,0.001,0.0005,0.001500000013038516,5.0
F,0.075,0.055,1.13,2.8255,0.001,0.0005,0.001500000013038516,10.0
F,0.075,0.65,1.13,2.8255,0.001,0.0005,1.0049999952316284,10.0
F,0.075,0.65,1.13,2.8255,0.001,0.0005,0.001500000013038516,14.0
F,0.815,0.055,1.13,2.8255,0.001,0.0005,0.001500000013038516,16.0
F,0.815,0.055,1.13,2.8255,0.001,0.0005,0.001500000013038516,5.0
F,0.075,0.65,0.0,2.8255,0.001,0.0005,1.0049999952316284,6.0
F,0.815,0.055,1.13,2.8255,0.001,0.0005,0.001500000013038516,10.0
M,0.075,0.65,1.13,2.8255,0.001,0.0005,0.001500000013038516,16.0
F,0.075,0.65,1.13,2.8255,0.001,0.0005,0.001500000013038516,16.0
I,0.815,0.055,0.0,2.8255,0.001,0.0005,1.0049999952316284,13.0
M,0.815,0.055,1.13,2.8255,0.001,0.0005,0.001500000013038516,18.0
F,0.815,0.055,1.13,2.8255,0.001,0.0005,0.001500000013038516,12.0
F,0.075,0.055,1.13,2.8255,0.001,0.0005,0.001500000013038516,12.0
F,0.075,0.65,1.13,2.8255,0.001,0.0005,0.001500000013038516,14.0
F,0.075,0.65,0.0,2.8255,0.001,0.0005,0.001500000013038516,17.0
M,0.075,0.65,1.13,2.8255,0.001,0.0005,0.001500000013038516,18.0
F,0.815,0.055,1.13,2.8255,0.001,0.0005,0.001500000013038516,12.0
F,0.075,0.65,1.13,2.8255,0.001,0.0005,0.001500000013038516,10.0
F,0.815,0.055,1.13,2.8255,0.001,0.0005,1.0049999952316284,6.0
F,0.815,0.055,1.13,2.8255,0.001,0.0005,0.001500000013038516,18.0
I,0.075,0.65,0.0,2.8255,0.001,0.0005,1.0049999952316284,6.0
F,0.815,0.055,1.13,2.8255,0.001,0.0005,0.001500000013038516,12.0
M,0.075,0.65,1.13,2.8255,0.001,0.0005,0.001500000013038516,16.0
F,0.075,0.65,1.13,2.8255,0.001,0.0005,0.001500000013038516,10.0
F,0.815,0.055,1.13,2.8255,0.001,0.0005,0.001500000013038516,12.0
M,0.075,0.65,1.13,2.8255,0.001,0.0005,0.001500000013038516,16.0
F,0.815,0.055,1.13,2.8255,0.001,0.0005,0.001500000013038516,12.0
F,0.815,0.055,1.13,2.8255,0.001,0.0005,0.001500000013038516,18.0
F,0.075,0.65,1.13,2.8255,0.001,0.0005,0.001500000013038516,10.0
F,0.815,0.055,1.13,2.8255,0.001,0.0005,1.0049999952316284,6.0
F,0.815,0.055,1.13,2.8255,0.001,0.0005,0.001500000013038516,12.0
F,0.815,0.055,1.13,2.8255,0.001,0.0005,0.001500000013038516,10.0
F,0.815,0.055,0.0,2.8255,0.001,0.0005,0.001500000013038516,12.0
F,0.075,0.65,1.13,2.8255,0.001,0.0005,0.001500000013038516,16.0
F,0.815,0.055,1.13,2.8255,0.001,0.0005,0.001500000013038516,12.0
F,0.075,0.65,1.13,2.8255,0.001,0.0005,0.001500000013038516,10.0
M,0.075,0.65,0.0,2.8255,0.001,0.0005,0.001500000013038516,5.0
I,0.815,0.055,1.1250308,2.8255,0.001,0.0005,0.001500000013038516,10.0
F,0.075,0.65,1.13,2.8255,0.001,0.0005,0.001500000013038516,12.0
F,0.075,0.055,1.13,2.8255,0.001,0.0005,0.001500000013038516,10.0
F,0.075,0.65,1.13,2.8255,0.001,0.0005,0.001500000013038516,16.0
F,0.815,0.055,1.13,2.8255,0.001,0.0005,0.001500000013038516,12.0
F,0.075,0.65,1.13,0.002,0.001,0.0005,0.001500000013038516,16.0
F,0.075,0.65,0.0,2.8255,0.001,0.0005,0.001500000013038516,10.0
F,0.075,0.65,1.13,2.8255,0.001,0.0005,0.001500000013038516,10.0
F,0.075,0.65,1.13,2.8255,0.001,0.0005,0.001500000013038516,10.0
F,0.075,0.65,1.13,2.8255,0.001,0.0005,0.001500000013038516,10.0
F,0.075,0.055,1.13,2.8255,0.001,0.0005,0.001500000013038516,16.0
F,0.075,0.65,1.13,2.8255,0.001,0.0005,0.001500000013038516,5.0
F,0.815,0.055,1.13,2.8255,0.001,0.0005,0.001500000013038516,12.0
F,0.815,0.055,1.13,2.8255,0.001,0.0005,0.001500000013038516,12.0
F,0.075,0.055,1.13,2.8255,0.001,0.0005,0.001500000013038516,12.0
F,0.075,0.65,1.13,2.8255,0.001,0.0005,1.0049999952316284,6.0
F,0.815,0.055,1.13,2.8255,0.001,0.0005,1.0049999952316284,6.0
F,0.815,0.055,1.13,2.8255,0.001,0.0005,0.001500000013038516,12.0
F,0.075,0.65,1.13,2.8255,0.001,0.0005,0.001500000013038516,16.0
F,0.075,0.65,1.13,2.8255,0.001,0.0005,1.0049999952316284,10.0
F,0.075,0.65,1.13,2.8255,0.001,0.0005,0.001500000013038516,5.0
F,0.815,0.055,1.13,2.8255,0.001,0.0005,0.001500000013038516,10.0
F,0.815,0.055,1.13,2.8255,0.001,0.0005,0.001500000013038516,12.0
F,0.075,0.65,1.13,2.8255,0.001,0.0005,0.001500000013038516,10.0
F,0.075,0.65,0.0,2.8255,0.001,0.0005,0.001500000013038516,5.0
F,0.075,0.65,1.13,2.8255,0.001,0.0005,1.0049999952316284,16.0
M,0.075,0.65,1.13,2.8255,0.001,0.0005,0.001500000013038516,16.0
F,0.075,0.65,1.13,2.8255,0.001,0.0005,0.001500000013038516,16.0
F,0.075,0.055,1.13,2.8255,0.001,0.0005,0.001500000013038516,10.0
F,0.815,0.055,0.0,2.8255,0.001,0.0005,0.001500000013038516,12.0
F,0.075,0.65,1.13,2.8255,0.001,0.0005,0.001500000013038516,10.0
F,0.075,0.65,1.13,2.8255,0.001,0.0005,0.001500000013038516,10.0
F,0.815,0.055,1.13,2.8255,0.001,0.0005,0.001500000013038516,7.0
F,0.075,0.65,1.13,2.8255,0.001,0.0005,0.001500000013038516,5.0
F,0.075,0.65,1.13,2.8255,0.001,0.0005,0.001500000013038516,17.0
F,0.815,0.055,1.13,2.8255,0.001,0.0005,0.001500000013038516,12.0
F,0.075,0.65,1.13,2.8255,0.001,0.0005,0.001500000013038516,16.0
F,0.075,0.055,1.13,2.8255,0.001,0.0005,0.001500000013038516,18.0
F,0.075,0.65,1.13,2.8255,0.001,0.0005,0.001500000013038516,14.0
F,0.075,0.22656418,1.13,2.8255,0.001,0.0005,0.001500000013038516,16.0
F,0.075,0.65,1.13,2.8255,0.001,0.0005,0.001500000013038516,10.0
F,0.815,0.055,1.13,2.8255,0.001,0.0005,0.001500000013038516,12.0
M,0.075,0.65,1.13,2.8255,0.001,0.0005,0.001500000013038516,16.0
F,0.815,0.055,1.13,2.8255,0.001,0.0005,0.001500000013038516,10.0
F,0.075,0.055,1.13,2.8255,0.001,0.0005,0.001500000013038516,14.0
F,0.815,0.055,1.13,2.8255,0.001,0.0005,0.001500000013038516,12.0
F,0.075,0.055,1.13,2.8255,0.001,0.0005,0.001500000013038516,14.0
F,0.075,0.65,1.13,2.8255,0.001,0.0005,0.001500000013038516,10.0
F,0.815,0.055,1.13,2.8255,0.001,0.0005,0.001500000013038516,12.0
I,0.815,0.055,1.13,2.8255,0.001,0.0005,0.001500000013038516,18.0
F,0.815,0.055,1.13,2.8255,0.001,0.0005,0.001500000013038516,12.0
F,0.815,0.055,1.13,2.8255,0.001,0.0005,0.001500000013038516,12.0
F,0.815,0.055,1.13,2.8255,0.001,0.0005,0.001500000013038516,12.0
F,0.815,0.055,1.13,2.8255,0.001,0.0005,0.001500000013038516,12.0
F,0.075,0.65,1.13,2.8255,0.001,0.0005,0.001500000013038516,16.0
F,0.815,0.055,1.13,2.8255,0.001,0.0005,0.001500000013038516,12.0
F,0.075,0.65,1.13,2.8255,0.001,0.0005,0.001500000013038516,10.0
M,0.815,0.055,1.13,2.8255,0.001,0.0005,0.001500000013038516,16.0
F,0.075,0.055,1.13,2.8255,0.001,0.0005,0.001500000013038516,10.0
F,0.075,0.055,1.13,2.8255,0.001,0.0005,0.001500000013038516,6.0
F,0.815,0.055,1.13,2.8255,0.001,0.0005,0.001500000013038516,9.0
F,0.075,0.65,1.13,2.8255,0.001,0.0005,0.001500000013038516,10.0
F,0.815,0.055,1.13,2.8255,0.001,0.0005,0.001500000013038516,12.0
F,0.815,0.055,1.13,2.8255,0.001,0.0005,0.001500000013038516,12.0
F,0.815,0.055,1.13,2.8255,0.001,0.0005,0.001500000013038516,12.0
F,0.075,0.65,1.13,2.8255,0.001,0.0005,0.001500000013038516,10.0
F,0.075,0.65,1.13,2.8255,0.001,0.0005,0.001500000013038516,10.0
F,0.075,0.65,1.13,2.8255,0.001,0.0005,0.001500000013038516,10.0
F,0.815,0.055,1.13,2.8255,0.001,0.0005,0.001500000013038516,10.0
F,0.075,0.055,1.13,2.8255,0.001,0.0005,0.001500000013038516,12.0
M,0.075,0.65,1.13,2.8255,0.001,0.0005,0.001500000013038516,16.0
F,0.075,0.055,1.13,2.8255,0.001,0.0005,0.001500000013038516,16.0
F,0.815,0.055,1.13,2.8255,0.001,0.0005,0.001500000013038516,10.0
F,0.815,0.055,1.13,2.8255,0.001,0.0005,0.001500000013038516,12.0
F,0.815,0.055,1.13,2.8255,0.001,0.0005,0.001500000013038516,18.0
F,0.815,0.055,1.13,2.8255,0.001,0.0005,0.001500000013038516,12.0
F,0.815,0.055,1.13,2.8255,0.001,0.0005,0.001500000013038516,14.0
I,0.815,0.055,0.0,2.8255,0.001,0.0005,1.0049999952316284,9.0
F,0.815,0.055,1.13,2.8255,0.001,0.0005,0.001500000013038516,10.0
F,0.075,0.65,1.13,2.8255,0.001,0.0005,0.001500000013038516,16.0
F,0.815,0.055,1.13,2.8255,0.001,0.0005,0.001500000013038516,10.0
F,0.815,0.055,1.13,2.8255,0.001,0.0005,0.001500000013038516,14.0
F,0.075,0.65,1.13,2.8255,0.001,0.0005,0.001500000013038516,10.0
F,0.815,0.055,1.13,2.8255,0.001,0.0005,0.001500000013038516,12.0
F,0.815,0.055,1.13,2.8255,0.001,0.0005,0.001500000013038516,12.0
M,0.815,0.055,1.13,2.8255,0.001,0.0005,0.001500000013038516,18.0
F,0.075,0.055,1.13,2.8255,0.001,0.0005,0.001500000013038516,14.0
F,0.075,0.055,1.13,2.8255,0.001,0.0005,0.001500000013038516,10.0
F,0.815,0.055,1.13,2.8255,0.001,0.0005,0.001500000013038516,12.0
I,0.815,0.055,0.0,2.8255,0.001,0.0005,0.001500000013038516,14.0
F,0.075,0.65,0.0,2.8255,0.001,0.0005,1.0049999952316284,18.0
F,0.815,0.055,1.13,2.8255,0.001,0.0005,0.001500000013038516,18.0
F,0.075,0.65,1.13,2.8255,0.001,0.0005,0.001500000013038516,16.0
F,0.815,0.055,1.13,2.8255,0.001,0.0005,0.001500000013038516,12.0
F,0.075,0.055,1.13,2.8255,0.001,0.0005,1.0049999952316284,6.0
F,0.075,0.65,1.13,2.8255,0.001,0.0005,0.001500000013038516,5.0
F,0.075,0.65,1.13,2.8255,0.001,0.0005,0.001500000013038516,14.0
F,0.815,0.055,1.13,2.8255,0.001,0.0005,0.001500000013038516,12.0
F,0.075,0.055,1.13,2.8255,0.001,0.0005,0.001500000013038516,14.0
F,0.075,0.65,1.13,2.8255,0.001,0.0005,0.001500000013038516,10.0
F,0.075,0.65,1.13,2.8255,0.001,0.0005,0.001500000013038516,10.0
F,0.075,0.65,1.13,2.8255,0.001,0.0005,0.001500000013038516,10.0
F,0.815,0.055,1.13,2.8255,0.001,0.0005,0.001500000013038516,10.0
F,0.075,0.055,1.13,2.8255,0.001,0.0005,0.001500000013038516,10.0
F,0.075,0.055,1.13,2.8255,0.001,0.0005,0.001500000013038516,10.0
F,0.075,0.65,1.13,2.8255,0.001,0.0005,0.001500000013038516,10.0
F,0.815,0.055,1.13,2.8255,0.001,0.0005,0.001500000013038516,18.0
F,0.815,0.055,1.13,2.8255,0.001,0.0005,0.001500000013038516,10.0
F,0.815,0.055,1.13,2.8255,0.001,0.0005,0.001500000013038516,12.0
F,0.075,0.055,1.13,2.8255,0.001,0.0005,0.001500000013038516,16.0
F,0.815,0.055,1.13,2.8255,0.001,0.0005,0.001500000013038516,10.0
F,0.815,0.055,1.13,2.8255,0.001,0.0005,0.001500000013038516,12.0
M,0.815,0.055,1.13,2.8255,0.001,0.0005,0.001500000013038516,18.0
F,0.815,0.055,1.13,2.8255,0.001,0.0005,0.001500000013038516,12.0
F,0.815,0.055,1.13,2.8255,0.001,0.0005,0.001500000013038516,12.0
F,0.075,0.65,1.13,2.8255,0.001,0.0005,0.001500000013038516,16.0
F,0.075,0.055,1.13,2.8255,0.001,0.0005,0.001500000013038516,5.0
M,0.815,0.055,0.0,2.8255,0.001,0.0005,0.001500000013038516,16.0
F,0.075,0.65,1.13,2.8255,0.001,0.0005,0.001500000013038516,14.0
F,0.075,0.65,1.13,2.8255,0.001,0.0005,0.001500000013038516,10.0
F,0.815,0.055,1.13,2.8255,0.001,0.0005,0.001500000013038516,12.0
M,0.815,0.055,0.0,2.8255,0.001,0.0005,0.001500000013038516,16.0
F,0.075,0.055,1.13,2.8255,0.001,0.0005,0.001500000013038516,10.0
F,0.075,0.65,1.13,2.8255,0.001,0.0005,0.001500000013038516,5.0
F,0.075,0.65,1.13,2.8255,0.001,0.0005,0.001500000013038516,16.0
I,0.815,0.055,0.0,2.8255,0.001,0.0005,1.0049999952316284,9.0
I,0.815,0.055,1.13,2.8255,0.001,0.0005,0.001500000013038516,12.0
F,0.815,0.055,1.13,2.8255,0.001,0.0005,0.001500000013038516,12.0
F,0.075,0.055,1.13,2.8255,0.001,0.0005,0.001500000013038516,10.0
F,0.075,0.055,1.13,2.8255,0.001,0.0005,0.001500000013038516,12.0
F,0.815,0.055,1.13,2.8255,0.001,0.0005,0.001500000013038516,18.0
F,0.075,0.65,1.13,2.8255,0.001,0.0005,1.0049999952316284,18.0
F,0.815,0.055,1.13,2.8255,0.001,0.0005,0.001500000013038516,10.0
F,0.815,0.055,1.13,2.8255,0.001,0.0005,1.0049999952316284,12.0
F,0.815,0.055,1.13,2.8255,0.001,0.0005,0.001500000013038516,12.0
F,0.075,0.65,1.13,2.8255,0.001,0.0005,1.0049999952316284,6.0
I,0.815,0.055,0.0,2.8255,0.001,0.0005,0.001500000013038516,16.0
F,0.815,0.055,1.13,2.8255,0.001,0.0005,0.001500000013038516,12.0
F,0.075,0.65,1.13,2.8255,0.001,0.0005,0.001500000013038516,10.0
M,0.075,0.65,1.13,2.8255,0.001,0.0005,0.001500000013038516,16.0
F,0.815,0.055,1.13,2.8255,0.001,0.0005,0.001500000013038516,12.0
F,0.815,0.055,1.13,2.8255,0.001,0.0005,0.001500000013038516,12.0
F,0.815,0.055,1.13,2.8255,0.001,0.0005,0.001500000013038516,10.0
F,0.075,0.65,1.13,2.8255,0.001,0.0005,0.001500000013038516,16.0
F,0.815,0.055,1.13,2.8255,0.001,0.0005,0.001500000013038516,18.0
F,0.075,0.65,1.13,2.8255,0.001,0.0005,0.001500000013038516,5.0
F,0.815,0.055,1.13,2.8255,0.001,0.0005,0.001500000013038516,12.0
F,0.075,0.65,1.13,2.8255,0.001,0.0005,0.001500000013038516,17.0
F,0.815,0.055,1.13,2.8255,0.001,0.0005,0.001500000013038516,10.0
F,0.075,0.65,1.13,2.8255,0.001,0.0005,0.001500000013038516,17.0
F,0.075,0.65,1.13,2.8255,0.001,0.0005,0.001500000013038516,10.0
F,0.815,0.055,1.13,2.8255,0.001,0.0005,0.001500000013038516,10.0
F,0.815,0.055,1.13,2.8255,0.001,0.0005,0.001500000013038516,12.0
F,0.075,0.65,1.13,2.8255,0.001,0.0005,0.001500000013038516,14.0
F,0.075,0.65,1.13,2.8255,0.001,0.0005,0.001500000013038516,10.0
F,0.815,0.055,1.13,2.8255,0.001,0.0005,0.001500000013038516,12.0
F,0.075,0.055,1.13,2.8255,0.001,0.0005,0.001500000013038516,12.0
F,0.815,0.055,1.13,2.8255,0.001,0.0005,0.001500000013038516,12.0
F,0.815,0.055,1.13,2.8255,0.001,0.0005,0.001500000013038516,12.0
F,0.075,0.65,1.13,2.8255,0.001,0.0005,1.0049999952316284,10.0
F,0.075,0.65,1.13,2.8255,0.001,0.0005,0.001500000013038516,10.0
F,0.075,0.65,1.13,2.8255,0.001,0.0005,0.001500000013038516,10.0
F,0.815,0.055,1.13,2.8255,0.001,0.0005,0.001500000013038516,10.0
F,0.815,0.055,1.13,2.8255,0.001,0.0005,0.001500000013038516,12.0
F,0.075,0.65,1.13,2.8255,0.001,0.0005,0.001500000013038516,10.0
M,0.075,0.65,1.13,2.8255,0.001,0.0005,0.001500000013038516,16.0
F,0.815,0.055,1.13,2.8255,0.001,0.0005,0.001500000013038516,5.0
M,0.075,0.65,1.13,2.8255,0.001,0.0005,0.001500000013038516,16.0
M,0.075,0.65,1.13,2.8255,0.001,0.0005,0.001500000013038516,16.0
F,0.075,0.055,1.13,2.8255,0.001,0.0005,1.0049999952316284,6.0
M,0.815,0.055,1.13,2.8255,0.001,0.0005,0.001500000013038516,18.0
F,0.075,0.65,1.13,2.8255,0.001,0.0005,0.001500000013038516,10.0
F,0.815,0.055,1.13,2.8255,0.001,0.0005,0.001500000013038516,12.0
M,0.815,0.055,0.0,2.8255,0.001,0.0005,0.001500000013038516,16.0
M,0.815,0.055,1.13,2.8255,0.001,0.0005,0.001500000013038516,18.0
F,0.075,0.65,1.13,2.8255,0.001,0.0005,0.001500000013038516,10.0
M,0.815,0.055,0.0,2.8255,0.001,0.0005,0.001500000013038516,16.0
F,0.815,0.055,1.13,2.8255,0.001,0.0005,0.001500000013038516,12.0
F,0.075,0.65,1.13,2.8255,0.001,0.0005,0.001500000013038516,5.0
F,0.075,0.65,1.13,2.8255,0.001,0.0005,0.001500000013038516,16.0
M,0.815,0.055,1.13,2.8255,0.001,0.0005,0.001500000013038516,18.0
F,0.815,0.055,1.13,2.8255,0.001,0.0005,0.001500000013038516,12.0
M,0.815,0.055,1.13,2.8255,0.001,0.0005,0.001500000013038516,18.0
I,0.815,0.055,0.0,2.8255,0.001,0.0005,0.001500000013038516,12.0
F,0.075,0.055,1.13,2.8255,0.001,0.0005,0.001500000013038516,10.0
F,0.815,0.055,1.13,2.8255,0.001,0.0005,0.001500000013038516,12.0
F,0.075,0.65,1.13,2.8255,0.001,0.0005,0.001500000013038516,16.0
F,0.075,0.65,1.13,2.8255,0.001,0.0005,0.001500000013038516,10.0
F,0.815,0.055,1.13,2.8255,0.001,0.0005,0.001500000013038516,12.0
F,0.075,0.65,1.13,2.8255,0.001,0.0005,0.001500000013038516,10.0
F,0.075,0.65,1.13,2.8255,0.001,0.0005,0.001500000013038516,14.0
M,0.075,0.055,1.13,2.8255,0.001,0.0005,0.001500000013038516,16.0
M,0.075,0.055,1.13,2.8255,0.001,0.0005,0.001500000013038516,18.0
F,0.815,0.055,1.13,2.8255,0.001,0.0005,0.001500000013038516,12.0
M,0.815,0.055,1.13,2.8255,0.001,0.0005,0.001500000013038516,16.0
F,0.075,0.65,1.13,2.8255,0.001,0.0005,0.001500000013038516,16.0
F,0.815,0.055,1.13,2.8255,0.001,0.0005,0.001500000013038516,12.0
F,0.815,0.055,1.13,2.8255,0.001,0.0005,0.001500000013038516,12.0
F,0.815,0.055,1.13,2.8255,0.001,0.0005,0.001500000013038516,10.0
F,0.075,0.65,1.13,2.8255,0.001,0.0005,0.001500000013038516,10.0
F,0.815,0.055,1.13,2.8255,0.001,0.0005,0.001500000013038516,12.0
F,0.075,0.055,1.13,2.8255,0.001,0.0005,0.001500000013038516,10.0
I,0.815,0.055,1.13,2.8255,0.001,0.0005,1.0049999952316284,9.0
F,0.075,0.65,1.13,2.8255,0.001,0.0005,0.001500000013038516,10.0
M,0.075,0.65,1.13,2.8255,0.001,0.0005,0.001500000013038516,16.0
F,0.815,0.055,1.13,2.8255,0.001,0.0005,0.001500000013038516,12.0
F,0.815,0.055,1.13,2.8255,0.001,0.0005,0.001500000013038516,12.0
F,0.075,0.65,1.13,2.8255,0.001,0.0005,0.001500000013038516,10.0
F,0.075,0.65,1.13,2.8255,0.001,0.0005,0.001500000013038516,10.0
F,0.075,0.65,1.13,2.8255,0.001,0.0005,0.001500000013038516,16.0
M,0.815,0.055,0.0,2.8255,0.001,0.0005,0.001500000013038516,14.0
F,0.075,0.65,1.13,2.8255,0.001,0.0005,0.001500000013038516,16.0
F,0.075,0.65,0.0,2.8255,0.001,0.0005,1.0049999952316284,10.0
F,0.075,0.65,1.13,2.8255,0.001,0.0005,0.001500000013038516,10.0
F,0.075,0.65,1.13,2.8255,0.001,0.0005,0.001500000013038516,16.0
F,0.815,0.055,1.13,2.8255,0.001,0.0005,0.001500000013038516,12.0
F,0.815,0.055,1.13,2.8255,0.001,0.0005,0.001500000013038516,5.0
M,0.075,0.65,1.13,2.8255,0.001,0.0005,0.001500000013038516,14.0
F,0.075,0.65,1.13,2.8255,0.001,0.0005,0.001500000013038516,17.0
F,0.075,0.055,1.13,2.8255,0.001,0.0005,0.001500000013038516,10.0
F,0.815,0.055,1.13,2.8255,0.001,0.0005,0.001500000013038516,12.0
F,0.075,0.65,1.13,2.8255,0.001,0.0005,0.001500000013038516,10.0
F,0.075,0.65,1.13,2.8255,0.001,0.0005,0.001500000013038516,5.0
F,0.815,0.055,1.13,2.8255,0.001,0.0005,0.001500000013038516,12.0
F,0.075,0.65,1.13,2.8255,0.001,0.0005,0.001500000013038516,14.0
F,0.815,0.055,1.13,2.8255,0.001,0.0005,0.001500000013038516,12.0
F,0.815,0.055,1.13,2.8255,0.001,0.0005,0.001500000013038516,14.0
M,0.815,0.055,1.13,2.8255,0.001,0.0005,0.001500000013038516,18.0
F,0.815,0.055,1.13,2.8255,0.001,0.0005,0.001500000013038516,10.0
M,0.075,0.65,0.0,2.8255,0.001,0.0005,0.001500000013038516,16.0
F,0.075,0.055,1.13,2.8255,0.001,0.0005,0.001500000013038516,10.0
F,0.815,0.055,1.13,2.8255,0.001,0.0005,0.001500000013038516,12.0
F,0.075,0.65,1.13,2.8255,0.001,0.0005,0.001500000013038516,16.0
F,0.815,0.055,1.13,2.8255,0.001,0.0005,0.001500000013038516,12.0
F,0.815,0.055,1.13,2.8255,0.001,0.0005,0.001500000013038516,12.0
F,0.075,0.65,1.13,2.8255,0.001,0.0005,0.001500000013038516,16.0
F,0.815,0.055,1.13,2.8255,0.001,0.0005,0.001500000013038516,12.0
M,0.815,0.055,1.13,2.8255,0.001,0.0005,0.001500000013038516,14.0
F,0.815,0.055,1.13,2.8255,0.001,0.0005,0.001500000013038516,12.0
F,0.815,0.055,1.13,2.8255,0.001,0.0005,0.001500000013038516,12.0
F,0.075,0.65,1.13,2.8255,0.001,0.0005,0.001500000013038516,14.0
F,0.075,0.055,1.13,2.8255,0.001,0.0005,0.001500000013038516,10.0
F,0.075,0.055,1.13,2.8255,0.001,0.0005,0.001500000013038516,10.0
F,0.815,0.055,1.13,2.8255,0.001,0.0005,0.9998776316642761,9.0
F,0.075,0.65,1.13,2.8255,0.001,0.0005,0.001500000013038516,10.0
F,0.075,0.330837,1.13,2.8255,0.001,0.0005,0.001500000013038516,10.0
F,0.075,0.055,1.13,2.8255,0.001,0.0005,0.001500000013038516,10.0
F,0.815,0.055,1.13,2.8255,0.001,0.0005,0.001500000013038516,12.0
F,0.075,0.65,1.13,2.8255,0.001,0.0005,0.001500000013038516,16.0
M,0.815,0.055,1.13,2.8255,0.001,0.0005,0.001500000013038516,14.0
F,0.075,0.65,1.13,0.002,0.001,0.0005,0.001500000013038516,16.0
F,0.075,0.65,1.13,2.8255,0.001,0.0005,1.0049999952316284,15.0
F,0.075,0.65,1.13,2.8255,0.001,0.0005,0.001500000013038516,10.0
F,0.075,0.055,1.13,2.8255,0.001,0.0005,0.001500000013038516,12.0
F,0.075,0.65,1.13,2.8255,0.001,0.0005,0.001500000013038516,10.0
I,0.815,0.055,1.13,2.8255,0.001,0.0005,0.001500000013038516,12.0
F,0.815,0.055,1.13,2.8255,0.001,0.0005,0.001500000013038516,12.0
I,0.815,0.055,0.0,2.8255,0.001,0.0005,0.001500000013038516,18.0
M,0.815,0.055,1.13,2.8255,0.001,0.0005,0.001500000013038516,14.0
I,0.815,0.055,1.13,2.8255,0.001,0.0005,1.0049999952316284,9.0
F,0.815,0.055,1.13,2.8255,0.001,0.0005,0.001500000013038516,12.0
F,0.075,0.65,1.13,2.8255,0.001,0.0005,0.001500000013038516,10.0
M,0.075,0.055,1.13,2.8255,0.001,0.0005,0.001500000013038516,16.0
F,0.815,0.055,1.13,2.8255,0.001,0.0005,1.0049999952316284,6.0
F,0.075,0.055,1.13,2.8255,0.001,0.0005,0.001500000013038516,14.0
F,0.075,0.65,1.13,2.8255,0.001,0.0005,0.001500000013038516,17.0
F,0.075,0.65,1.13,2.8255,0.001,0.0005,0.001500000013038516,10.0
M,0.075,0.055,1.13,2.8255,0.001,0.0005,0.001500000013038516,16.0
F,0.075,0.65,1.13,2.8255,0.001,0.0005,0.001500000013038516,10.0
F,0.075,0.055,1.13,2.8255,0.001,0.0005,0.001500000013038516,12.0
F,0.075,0.65,1.13,2.8255,0.001,0.0005,0.001500000013038516,10.0
F,0.815,0.055,1.13,2.8255,0.001,0.0005,0.001500000013038516,12.0
F,0.815,0.055,1.13,2.8255,0.001,0.0005,0.001500000013038516,12.0
F,0.075,0.65,1.13,2.8255,0.001,0.0005,0.001500000013038516,5.0
I,0.815,0.055,1.13,2.8255,0.001,0.0005,0.001500000013038516,18.0
F,0.815,0.055,1.13,2.8255,0.001,0.0005,0.001500000013038516,14.0
F,0.075,0.65,1.13,2.8255,0.001,0.0005,0.001500000013038516,5.0
M,0.815,0.055,1.13,2.8255,0.001,0.0005,0.001500000013038516,18.0
F,0.815,0.055,1.13,2.8255,0.001,0.0005,0.001500000013038516,12.0
I,0.815,0.055,0.0,2.8255,0.001,0.0005,0.001500000013038516,16.0
F,0.815,0.055,1.13,2.8255,0.001,0.0005,0.001500000013038516,5.0
F,0.075,0.65,1.13,2.8255,0.001,0.0005,0.001500000013038516,10.0
F,0.075,0.65,1.13,2.8255,0.001,0.0005,1.0049999952316284,6.0
I,0.815,0.055,1.13,2.8255,0.001,0.0005,0.001500000013038516,18.0
F,0.815,0.055,1.13,2.8255,0.001,0.0005,0.001500000013038516,10.0
F,0.815,0.055,1.13,2.8255,0.001,0.0005,0.001500000013038516,14.0
F,0.075,0.65,1.13,2.8255,0.001,0.0005,0.001500000013038516,10.0
F,0.815,0.055,1.13,2.8255,0.001,0.0005,0.001500000013038516,18.0
M,0.815,0.055,0.0,2.8255,0.001,0.0005,0.001500000013038516,5.0
F,0.075,0.055,1.13,2.8255,0.001,0.0005,0.001500000013038516,10.0
F,0.075,0.65,1.13,2.8255,0.001,0.0005,0.001500000013038516,14.0
M,0.075,0.65,1.13,2.8255,0.001,0.0005,0.001500000013038516,16.0
F,0.815,0.055,1.13,2.8255,0.001,0.0005,0.001500000013038516,12.0
F,0.815,0.055,1.13,2.8255,0.001,0.0005,0.001500000013038516,12.0
F,0.815,0.055,0.0,2.8255,0.001,0.0005,0.001500000013038516,5.0
F,0.815,0.055,1.13,2.8255,0.001,0.0005,0.001500000013038516,12.0
F,0.815,0.055,1.13,2.8255,0.001,0.0005,0.001500000013038516,12.0
F,0.815,0.055,1.13,2.8255,0.001,0.0005,0.001500000013038516,18.0
F,0.075,0.65,0.0,2.8255,0.001,0.0005,0.001500000013038516,4.0
F,0.815,0.055,1.13,2.8255,0.001,0.0005,0.001500000013038516,18.0
F,0.815,0.055,1.13,2.8255,0.001,0.0005,1.0049999952316284,6.0
F,0.815,0.055,1.13,2.8255,0.001,0.0005,0.001500000013038516,12.0
F,0.815,0.055,1.13,2.8255,0.001,0.0005,0.001500000013038516,10.0
F,0.815,0.055,1.13,2.8255,0.001,0.0005,0.001500000013038516,18.0
F,0.815,0.055,1.13,2.8255,0.001,0.0005,0.001500000013038516,12.0
F,0.075,0.65,1.13,2.8255,0.001,0.0005,0.001500000013038516,16.0
F,0.815,0.055,1.13,2.8255,0.001,0.0005,0.001500000013038516,12.0
F,0.815,0.055,1.13,2.8255,0.001,0.0005,0.001500000013038516,18.0
F,0.075,0.65,1.13,2.8255,0.001,0.0005,0.001500000013038516,16.0
F,0.075,0.055,1.13,2.8255,0.001,0.0005,0.001500000013038516,10.0
F,0.075,0.65,1.13,2.8255,0.001,0.0005,0.001500000013038516,14.0
F,0.815,0.055,1.13,2.8255,0.001,0.0005,0.001500000013038516,12.0
M,0.075,0.65,1.13,2.8255,0.001,0.0005,0.001500000013038516,16.0
F,0.815,0.055,1.13,2.8255,0.001,0.0005,0.001500000013038516,12.0
M,0.075,0.65,1.13,2.8255,0.001,0.0005,0.001500000013038516,16.0
F,0.075,0.65,1.13,2.8255,0.001,0.0005,0.001500000013038516,16.0
F,0.075,0.65,1.13,2.8255,0.001,0.0005,0.001500000013038516,16.0
F,0.075,0.055,1.13,2.8255,0.001,0.0005,0.001500000013038516,12.0
F,0.075,0.65,1.13,2.8255,0.001,0.0005,0.001500000013038516,14.0
F,0.815,0.055,1.13,2.8255,0.001,0.0005,0.001500000013038516,12.0
F,0.815,0.055,1.13,2.8255,0.001,0.0005,0.001500000013038516,12.0
F,0.815,0.055,1.13,2.8255,0.001,0.0005,0.001500000013038516,14.0
F,0.815,0.055,1.13,2.8255,0.001,0.0005,0.001500000013038516,12.0
F,0.815,0.055,1.13,2.8255,0.001,0.0005,0.001500000013038516,12.0
F,0.815,0.055,1.13,2.8255,0.001,0.0005,0.001500000013038516,14.0
I,0.075,0.65,0.0,2.8255,0.001,0.0005,1.0049999952316284,15.0
F,0.075,0.65,1.13,2.8255,0.001,0.0005,1.0049999952316284,18.0
F,0.075,0.65,1.13,2.8255,0.001,0.0005,1.0049999952316284,7.0
F,0.075,0.65,1.13,2.8255,0.001,0.0005,0.001500000013038516,10.0
F,0.815,0.055,1.13,2.8255,0.001,0.0005,0.001500000013038516,12.0
F,0.075,0.055,1.13,2.8255,0.001,0.0005,0.001500000013038516,12.0
M,0.815,0.055,1.13,2.8255,0.001,0.0005,0.001500000013038516,16.0
F,0.075,0.65,1.13,2.8255,0.001,0.0005,0.001500000013038516,16.0
F,0.075,0.055,1.13,2.8255,0.001,0.0005,0.001500000013038516,10.0
F,0.075,0.055,1.13,2.8255,0.001,0.0005,0.001500000013038516,10.0
F,0.075,0.055,1.13,2.8255,0.001,0.0005,0.001500000013038516,10.0
F,0.815,0.055,1.13,2.8255,0.001,0.0005,0.001500000013038516,12.0
M,0.815,0.055,1.13,2.8255,0.001,0.0005,0.001500000013038516,18.0
F,0.075,0.65,1.13,2.8255,0.001,0.0005,0.001500000013038516,17.0
M,0.075,0.65,1.13,2.8255,0.001,0.0005,0.001500000013038516,16.0
M,0.815,0.055,0.0,2.8255,0.001,0.0005,0.001500000013038516,14.0
F,0.815,0.055,1.13,2.8255,0.001,0.0005,0.001500000013038516,12.0
F,0.075,0.65,1.13,2.8255,0.001,0.0005,0.001500000013038516,10.0
M,0.075,0.3888662,1.13,2.8255,0.001,0.0005,0.001500000013038516,16.0
F,0.815,0.055,1.13,2.8255,0.001,0.0005,0.001500000013038516,12.0
F,0.075,0.65,1.13,2.8255,0.001,0.0005,0.001500000013038516,10.0
F,0.075,0.65,1.13,2.8255,0.001,0.0005,0.001500000013038516,17.0
F,0.075,0.65,1.13,2.8255,0.001,0.0005,0.001500000013038516,10.0
F,0.075,0.055,1.13,2.8255,0.001,0.0005,0.001500000013038516,10.0
F,0.075,0.65,1.13,2.8255,0.001,0.0005,0.001500000013038516,16.0
F,0.075,0.65,1.13,2.8255,0.001,0.0005,0.001500000013038516,16.0
F,0.075,0.65,1.13,2.8255,0.001,0.0005,0.001500000013038516,14.0
F,0.075,0.65,1.13,2.8255,0.001,0.0005,0.001500000013038516,16.0
F,0.075,0.65,1.13,2.8255,0.001,0.0005,0.001500000013038516,18.0
F,0.815,0.055,1.13,2.8255,0.001,0.0005,0.001500000013038516,12.0
F,0.815,0.055,1.13,2.8255,0.001,0.0005,0.001500000013038516,18.0
F,0.075,0.65,1.13,2.8255,0.001,0.0005,0.001500000013038516,14.0
F,0.815,0.055,1.13,2.8255,0.001,0.0005,0.001500000013038516,12.0
F,0.075,0.65,1.13,2.8255,0.001,0.0005,1.0049999952316284,10.0
F,0.815,0.055,1.13,2.8255,0.001,0.0005,0.001500000013038516,12.0
F,0.815,0.055,1.13,2.8255,0.001,0.0005,0.001500000013038516,10.0
F,0.075,0.65,1.13,2.8255,0.001,0.0005,0.001500000013038516,14.0
F,0.075,0.055,1.13,2.8255,0.001,0.0005,0.001500000013038516,10.0
F,0.075,0.055,1.13,2.8255,0.001,0.0005,0.001500000013038516,18.0
F,0.075,0.65,1.13,2.8255,0.001,0.0005,0.001500000013038516,10.0
M,0.075,0.65,1.13,2.8255,0.001,0.0005,0.001500000013038516,16.0
M,0.075,0.65,0.0,2.8255,0.001,0.0005,1.0049999952316284,15.0
F,0.075,0.65,1.13,2.8255,0.001,0.0005,0.001500000013038516,5.0
F,0.815,0.055,1.13,2.8255,0.001,0.0005,0.001500000013038516,16.0
F,0.075,0.055,1.13,2.8255,0.001,0.0005,0.001500000013038516,14.0
M,0.075,0.055,2.7731588e-05,2.8255,0.001,0.0005,0.001500000013038516,18.0
F,0.075,0.055,1.13,2.8255,0.001,0.0005,0.001500000013038516,12.0
F,0.075,0.65,1.13,2.8255,0.001,0.0005,1.0049999952316284,6.0
F,0.815,0.055,1.13,2.8255,0.001,0.0005,0.001500000013038516,12.0
M,0.075,0.65,1.13,2.8255,0.001,0.0005,0.001500000013038516,5.0
F,0.815,0.055,1.13,2.8255,0.001,0.0005,0.001500000013038516,10.0
F,0.815,0.055,1.13,2.8255,0.001,0.0005,0.001500000013038516,12.0
F,0.075,0.65,1.13,2.8255,0.001,0.0005,0.001500000013038516,10.0
F,0.075,0.65,1.13,2.8255,0.001,0.0005,0.001500000013038516,16.0
F,0.075,0.055,1.13,2.8255,0.001,0.0005,1.0049999952316284,6.0
F,0.815,0.055,1.13,2.8255,0.001,0.0005,0.001500000013038516,5.0
F,0.075,0.65,1.13,2.8255,0.001,0.0005,0.001500000013038516,10.0
F,0.075,0.65,1.13,2.8255,0.001,0.0005,0.001500000013038516,16.0
M,0.075,0.65,1.13,2.8255,0.001,0.0005,0.001500000013038516,16.0
F,0.815,0.055,1.13,2.8255,0.001,0.0005,0.001500000013038516,12.0
F,0.075,0.055,1.13,2.8255,0.001,0.0005,0.001500000013038516,10.0
F,0.815,0.055,1.13,2.8255,0.001,0.0005,0.001500000013038516,10.0
F,0.815,0.055,1.13,2.8255,0.001,0.0005,0.001500000013038516,12.0
F,0.075,0.055,1.13,2.8255,0.001,0.0005,0.001500000013038516,12.0
F,0.075,0.055,1.13,2.8255,0.001,0.0005,0.001500000013038516,12.0
F,0.075,0.65,1.13,2.8255,0.001,0.0005,1.0049999952316284,6.0
F,0.075,0.055,1.13,2.8255,0.001,0.0005,0.001500000013038516,10.0
F,0.075,0.055,1.13,2.8255,0.001,0.0005,0.001500000013038516,12.0
F,0.075,0.65,1.13,2.8255,0.001,0.0005,0.001500000013038516,10.0
F,0.815,0.055,1.13,2.8255,0.001,0.0005,0.001500000013038516,10.0
M,0.075,0.65,0.0,2.8255,0.001,0.0005,0.001500000013038516,5.0
I,0.815,0.055,1.13,2.8255,0.001,0.0005,1.0049999952316284,9.0
F,0.815,0.055,1.13,2.8255,0.001,0.0005,0.001500000013038516,12.0
F,0.075,0.65,1.13,2.8255,0.001,0.0005,0.001500000013038516,10.0
F,0.075,0.055,1.13,2.8255,0.001,0.0005,0.001500000013038516,10.0
F,0.075,0.65,1.13,2.8255,0.001,0.0005,0.001500000013038516,16.0
F,0.815,0.055,1.13,2.8255,0.001,0.0005,0.001500000013038516,12.0
F,0.075,0.65,0.0,2.8255,0.001,0.0005,0.001500000013038516,5.0
F,0.815,0.055,1.13,2.8255,0.001,0.0005,0.001500000013038516,12.0
F,0.075,0.055,1.13,2.8255,0.001,0.0005,1.0049999952316284,6.0
F,0.075,0.65,1.13,2.8255,0.001,0.0005,1.0049999952316284,6.0
F,0.075,0.65,1.13,2.8255,0.001,0.0005,0.001500000013038516,10.0
F,0.815,0.055,1.13,2.8255,0.001,0.0005,0.001500000013038516,12.0
F,0.075,0.65,1.13,2.8255,0.001,0.0005,0.001500000013038516,16.0
M,0.815,0.055,1.13,2.8255,0.001,0.0005,0.001500000013038516,14.0
F,0.075,0.65,1.13,2.8255,0.001,0.0005,0.001500000013038516,16.0
F,0.075,0.65,1.13,2.8255,0.001,0.0005,0.001500000013038516,5.0
F,0.815,0.055,1.13,2.8255,0.001,0.0005,1.0049999952316284,6.0
F,0.075,0.65,0.0,2.8255,0.001,0.0005,1.0049999952316284,6.0
F,0.075,0.65,1.13,2.8255,0.001,0.0005,0.001500000013038516,16.0
F,0.075,0.65,1.13,2.8255,0.001,0.0005,0.001500000013038516,14.0
F,0.075,0.65,1.13,2.8255,0.001,0.0005,0.001500000013038516,10.0
F,0.075,0.055,1.13,2.8255,0.001,0.0005,1.0049999952316284,6.0
M,0.075,0.055,1.13,2.8255,0.001,0.0005,0.001500000013038516,14.0
F,0.075,0.055,1.13,2.8255,0.001,0.0005,0.001500000013038516,10.0
M,0.075,0.65,0.0,2.8255,0.001,0.0005,1.0049999952316284,15.0
F,0.815,0.055,1.13,2.8255,0.001,0.0005,0.001500000013038516,12.0
F,0.075,0.055,1.13,2.8255,0.001,0.0005,0.001500000013038516,10.0
F,0.075,0.65,1.13,2.8255,0.001,0.0005,0.001500000013038516,10.0
F,0.075,0.055,1.13,2.8255,0.001,0.0005,0.001500000013038516,10.0
F,0.075,0.65,1.13,2.8255,0.001,0.0005,0.001500000013038516,10.0
I,0.815,0.055,0.0,2.8255,0.001,0.0005,1.0049999952316284,12.0
F,0.815,0.055,1.13,2.8255,0.001,0.0005,0.001500000013038516,12.0
I,0.815,0.055,1.13,2.8255,0.001,0.0005,1.0049999952316284,11.0
F,0.075,0.055,1.13,2.8255,0.001,0.0005,1.0049999952316284,6.0
F,0.815,0.055,1.13,2.8255,0.001,0.0005,0.001500000013038516,12.0
F,0.075,0.65,0.0,2.8255,0.001,0.0005,0.001500000013038516,5.0
M,0.075,0.65,0.0,2.8255,0.001,0.0005,0.001500000013038516,18.0
F,0.815,0.055,1.13,2.8255,0.001,0.0005,0.001500000013038516,12.0
F,0.075,0.65,1.13,2.8255,0.001,0.0005,0.001500000013038516,10.0
F,0.815,0.055,1.13,2.8255,0.001,0.0005,0.001500000013038516,12.0
M,0.075,0.65,1.13,2.8255,0.001,0.0005,0.001500000013038516,16.0
F,0.815,0.055,1.13,2.8255,0.001,0.0005,0.001500000013038516,12.0
F,0.075,0.055,1.13,2.8255,0.001,0.0005,1.0049999952316284,6.0
F,0.075,0.65,1.13,2.8255,0.001,0.0005,0.001500000013038516,10.0
M,0.075,0.65,1.13,2.8255,0.001,0.0005,0.001500000013038516,16.0
F,0.075,0.055,1.13,2.8255,0.001,0.0005,0.001500000013038516,14.0
F,0.815,0.055,1.13,2.8255,0.001,0.0005,0.001500000013038516,14.0
I,0.815,0.055,0.0,2.8255,0.001,0.0005,1.0049999952316284,7.0
F,0.815,0.055,1.13,2.8255,0.001,0.0005,0.001500000013038516,12.0
F,0.075,0.65,1.13,2.8255,0.001,0.0005,0.001500000013038516,10.0
M,0.075,0.65,1.13,2.8255,0.001,0.0005,0.001500000013038516,16.0
F,0.075,0.65,1.13,2.8255,0.001,0.0005,0.001500000013038516,5.0
F,0.075,0.65,1.13,2.8255,0.001,0.0005,1.0049999952316284,5.0
F,0.815,0.055,1.13,2.8255,0.001,0.0005,0.001500000013038516,10.0
F,0.075,0.055,1.13,2.8255,0.001,0.0005,0.001500000013038516,12.0
F,0.075,0.055,1.13,2.8255,0.001,0.0005,0.001500000013038516,10.0
F,0.075,0.65,1.13,2.8255,0.001,0.0005,0.001500000013038516,16.0
F,0.815,0.055,1.13,2.8255,0.001,0.0005,1.0049999952316284,7.0
F,0.075,0.65,1.13,2.8255,0.001,0.0005,0.001500000013038516,17.0
F,0.075,0.055,1.13,2.8255,0.001,0.0005,0.001500000013038516,6.0
F,0.075,0.055,1.13,2.8255,0.001,0.0005,0.001500000013038516,10.0
F,0.075,0.055,1.13,2.8255,0.001,0.0005,0.001500000013038516,12.0
M,0.815,0.055,1.13,2.8255,0.001,0.0005,0.001500000013038516,14.0
F,0.075,0.65,1.13,2.8255,0.001,0.0005,0.001500000013038516,10.0
F,0.815,0.055,1.13,2.8255,0.001,0.0005,0.001500000013038516,12.0
M,0.075,0.65,1.13,2.8255,0.001,0.0005,0.001500000013038516,16.0
F,0.815,0.055,1.13,2.8255,0.001,0.0005,0.001500000013038516,10.0
F,0.075,0.055,1.13,2.8255,0.001,0.0005,0.001500000013038516,12.0
F,0.075,0.65,1.13,2.8255,0.001,0.0005,1.0049999952316284,10.0
F,0.075,0.65,1.13,2.8255,0.001,0.0005,0.001500000013038516,10.0
F,0.075,0.055,1.13,2.8255,0.001,0.0005,0.001500000013038516,10.0
F,0.075,0.65,1.13,2.8255,0.001,0.0005,0.001500000013038516,16.0
F,0.075,0.65,1.13,2.8255,0.001,0.0005,0.001500000013038516,5.0
F,0.075,0.65,1.13,2.8255,0.001,0.0005,0.001500000013038516,14.0
F,0.815,0.055,1.13,2.8255,0.001,0.0005,0.001500000013038516,12.0
F,0.815,0.055,1.13,2.8255,0.001,0.0005,0.001500000013038516,10.0
F,0.075,0.65,1.13,2.8255,0.001,0.0005,1.0049999952316284,10.0
F,0.815,0.055,1.13,2.8255,0.001,0.0005,0.001500000013038516,12.0
M,0.815,0.055,0.0,2.8255,0.001,0.0005,0.001500000013038516,16.0
F,0.075,0.65,1.13,2.8255,0.001,0.0005,0.001500000013038516,10.0
F,0.815,0.055,1.13,2.8255,0.001,0.0005,0.001500000013038516,12.0
F,0.075,0.65,1.13,2.8255,0.001,0.0005,0.001500000013038516,10.0
F,0.075,0.055,1.13,2.8255,0.001,0.0005,0.001500000013038516,10.0
F,0.075,0.055,1.13,2.8255,0.001,0.0005,0.001500000013038516,10.0
F,0.815,0.055,1.13,2.8255,0.001,0.0005,0.001500000013038516,10.0
F,0.815,0.055,1.13,2.8255,0.001,0.0005,0.001500000013038516,18.0
F,0.075,0.65,1.13,2.8255,0.001,0.0005,0.001500000013038516,17.0
F,0.815,0.055,1.13,2.8255,0.001,0.0005,0.001500000013038516,14.0
F,0.075,0.055,1.13,2.8255,0.001,0.0005,0.001500000013038516,16.0
F,0.815,0.055,1.13,2.8255,0.001,0.0005,0.001500000013038516,12.0
F,0.815,0.055,1.13,2.8255,0.001,0.0005,0.001500000013038516,18.0
M,0.815,0.055,0.0,2.8255,0.001,0.0005,0.001500000013038516,14.0
F,0.815,0.055,1.1299812,2.8255,0.001,0.0005,0.001500000013038516,12.0
F,0.075,0.65,1.13,2.8255,0.001,0.0005,0.001500000013038516,10.0
F,0.075,0.055,1.13,2.8255,0.001,0.0005,0.001500000013038516,12.0
F,0.075,0.65,1.13,2.8255,0.001,0.0005,0.001500000013038516,18.0
F,0.815,0.055,1.13,2.8255,0.001,0.0005,0.001500000013038516,12.0
F,0.815,0.055,1.13,2.8255,0.001,0.0005,0.001500000013038516,10.0
F,0.815,0.055,1.13,2.8255,0.001,0.0005,0.001500000013038516,12.0
F,0.815,0.055,1.13,2.8255,0.001,0.0005,0.001500000013038516,12.0
F,0.075,0.65,1.13,2.8255,0.001,0.0005,0.001500000013038516,10.0
F,0.815,0.055,1.13,2.8255,0.001,0.0005,0.001500000013038516,12.0
F,0.815,0.055,1.13,2.8255,0.001,0.0005,0.001500000013038516,12.0
F,0.075,0.65,1.13,2.8255,0.001,0.0005,0.001500000013038516,16.0
F,0.075,0.65,1.13,2.8255,0.001,0.0005,0.001500000013038516,16.0
M,0.075,0.055,1.13,2.8255,0.001,0.0005,0.001500000013038516,16.0
F,0.075,0.65,1.13,2.8255,0.001,0.0005,1.0049999952316284,5.0
M,0.815,0.055,1.13,2.8255,0.001,0.0005,0.001500000013038516,16.0
F,0.815,0.055,1.13,2.8255,0.001,0.0005,1.0049999952316284,6.0
M,0.075,0.65,1.13,2.8255,0.001,0.0005,0.001500000013038516,16.0
M,0.815,0.055,1.13,2.8255,0.001,0.0005,0.001500000013038516,16.0
F,0.075,0.65,1.13,2.8255,0.001,0.0005,0.001500000013038516,10.0
F,0.075,0.65,1.13,2.8255,0.001,0.0005,0.001500000013038516,10.0
F,0.075,0.65,1.13,2.8255,0.001,0.0005,0.001500000013038516,5.0
F,0.075,0.055,1.13,2.8255,0.001,0.0005,0.001500000013038516,10.0
F,0.075,0.65,1.13,2.8255,0.001,0.0005,0.001500000013038516,16.0
I,0.815,0.055,1.13,2.8255,0.001,0.0005,0.001500000013038516,7.0
F,0.815,0.055,1.13,2.8255,0.001,0.0005,0.001500000013038516,12.0
F,0.075,0.65,1.13,2.8255,0.001,0.0005,0.001500000013038516,14.0
I,0.815,0.055,1.13,2.8255,0.001,0.0005,0.001500000013038516,16.0
M,0.815,0.055,1.13,2.8255,0.001,0.0005,0.001500000013038516,18.0
F,0.075,0.65,1.13,2.8255,0.001,0.0005,1.0049999952316284,4.0
F,0.815,0.055,1.13,2.8255,0.001,0.0005,0.001500000013038516,12.0
F,0.815,0.055,1.13,2.8255,0.001,0.0005,0.001500000013038516,12.0
F,0.075,0.055,1.13,2.8255,0.001,0.0005,0.001500000013038516,14.0
M,0.815,0.055,0.0,2.8255,0.001,0.0005,0.001500000013038516,14.0
F,0.815,0.055,1.13,2.8255,0.001,0.0005,0.001500000013038516,12.0
F,0.815,0.055,1.13,2.8255,0.001,0.0005,0.001500000013038516,12.0
F,0.075,0.65,1.13,2.8255,0.001,0.0005,0.001500000013038516,16.0
F,0.075,0.65,1.13,2.8255,0.001,0.0005,0.001500000013038516,18.0
F,0.815,0.055,1.13,2.8255,0.001,0.0005,0.001500000013038516,12.0
M,0.815,0.055,0.0,2.8255,0.001,0.0005,0.001500000013038516,29.0
F,0.815,0.055,1.13,2.8255,0.001,0.0005,0.001500000013038516,12.0
F,0.075,0.65,1.13,2.8255,0.001,0.0005,0.001500000013038516,16.0
F,0.075,0.055,1.13,2.8255,0.001,0.0005,1.0049999952316284,6.0
I,0.815,0.055,0.0,2.8255,0.001,0.0005,0.001500000013038516,12.0
F,0.815,0.055,1.13,2.8255,0.001,0.0005,0.001500000013038516,12.0
M,0.815,0.055,1.13,2.8255,0.001,0.0005,0.001500000013038516,5.0
M,0.075,0.65,1.13,2.8255,0.001,0.0005,0.001500000013038516,16.0
F,0.075,0.65,1.13,2.8255,0.001,0.0005,0.001500000013038516,10.0
M,0.815,0.055,1.13,2.8255,0.001,0.0005,0.001500000013038516,18.0
F,0.815,0.055,1.13,2.8255,0.001,0.0005,0.001500000013038516,10.0
F,0.075,0.65,1.13,2.8255,0.001,0.0005,0.001500000013038516,16.0
F,0.815,0.055,1.13,2.8255,0.001,0.0005,0.001500000013038516,10.0
F,0.815,0.055,1.13,2.8255,0.001,0.0005,1.0049999952316284,12.0
F,0.815,0.055,1.13,2.8255,0.001,0.0005,0.001500000013038516,14.0
M,0.075,0.65,1.13,2.8255,0.001,0.0005,0.001500000013038516,16.0
F,0.815,0.055,1.13,2.8255,0.001,0.0005,0.001500000013038516,12.0
F,0.075,0.055,1.13,2.8255,0.001,0.0005,1.0049999952316284,12.0
M,0.075,0.65,0.0,2.8255,0.001,0.0005,0.001500000013038516,5.0
F,0.075,0.65,1.13,2.8255,0.001,0.0005,0.001500000013038516,16.0
M,0.815,0.055,1.13,2.8255,0.001,0.0005,0.001500000013038516,18.0
F,0.075,0.055,1.13,2.8255,0.001,0.0005,0.001500000013038516,12.0
F,0.815,0.055,1.13,2.8255,0.001,0.0005,0.001500000013038516,12.0
F,0.075,0.055,1.13,2.8255,0.001,0.0005,0.001500000013038516,12.0
F,0.075,0.65,1.13,2.8255,0.001,0.0005,0.001500000013038516,10.0
M,0.815,0.055,1.13,2.8255,0.001,0.0005,0.001500000013038516,18.0
F,0.075,0.65,1.13,2.8255,0.001,0.0005,0.001500000013038516,14.0
M,0.075,0.65,1.13,2.8255,0.001,0.0005,0.001500000013038516,16.0
F,0.075,0.65,1.13,2.8255,0.001,0.0005,0.001500000013038516,10.0
F,0.815,0.055,1.13,2.8255,0.001,0.0005,0.001500000013038516,16.0
F,0.075,0.055,1.13,2.8255,0.001,0.0005,1.0049999952316284,6.0
F,0.075,0.65,1.13,2.8255,0.001,0.0005,0.001500000013038516,14.0
F,0.815,0.055,1.13,2.8255,0.001,0.0005,0.001500000013038516,12.0
M,0.815,0.055,1.13,0.002,1.488,0.76,0.001500000013038516,18.0
F,0.815,0.055,1.13,2.8255,0.001,0.0005,0.001500000013038516,14.0
F,0.815,0.055,1.13,2.8255,0.001,0.0005,0.001500000013038516,12.0
F,0.075,0.055,1.13,2.8255,0.001,0.0005,0.001500000013038516,12.0
F,0.075,0.65,1.13,2.8255,0.001,0.0005,0.001500000013038516,16.0
F,0.815,0.055,1.13,2.8255,0.001,0.0005,0.001500000013038516,12.0
M,0.815,0.055,1.13,2.8255,0.001,0.0005,0.001500000013038516,16.0
F,0.075,0.65,1.13,2.8255,0.001,0.0005,1.0049999952316284,7.0
F,0.075,0.65,1.13,2.8255,0.001,0.0005,0.001500000013038516,10.0
I,0.815,0.055,0.0,2.8255,0.001,0.0005,0.001500000013038516,16.0
F,0.075,0.65,1.13,2.8255,0.001,0.0005,0.001500000013038516,16.0
M,0.075,0.65,1.13,2.8255,0.001,0.0005,0.001500000013038516,5.0
F,0.815,0.055,1.13,2.8255,0.001,0.0005,0.001500000013038516,12.0
F,0.075,0.65,1.13,2.8255,0.001,0.0005,0.001500000013038516,14.0
F,0.55,0.055,1.13,2.8255,0.001,0.0005,1.0049999952316284,6.0
F,0.075,0.65,1.13,2.8255,0.001,0.0005,0.001500000013038516,10.0
F,0.075,0.65,1.13,2.8255,0.001,0.0005,0.001500000013038516,16.0
F,0.075,0.055,1.13,2.8255,0.001,0.0005,0.001500000013038516,10.0
F,0.075,0.055,1.13,2.8255,0.001,0.0005,0.001500000013038516,10.0
F,0.815,0.055,1.13,2.8255,0.001,0.0005,0.001500000013038516,12.0
F,0.075,0.65,1.13,2.8255,0.001,0.0005,0.001500000013038516,5.0
F,0.075,0.055,1.13,2.8255,0.001,0.0005,0.001500000013038516,10.0
F,0.075,0.65,1.13,2.8255,0.001,0.0005,0.001500000013038516,10.0
F,0.075,0.65,0.0,2.8255,0.001,0.0005,0.001500000013038516,5.0
F,0.075,0.65,1.13,2.8255,0.001,0.0005,0.001500000013038516,10.0
F,0.815,0.055,1.13,2.8255,0.001,0.0005,0.001500000013038516,12.0
F,0.075,0.65,1.13,2.8255,0.001,0.0005,0.001500000013038516,16.0
M,0.075,0.65,1.13,2.8255,0.001,0.0005,0.001500000013038516,16.0
M,0.815,0.055,1.13,2.8255,0.001,0.0005,0.001500000013038516,18.0
F,0.075,0.65,1.13,2.8255,0.001,0.0005,0.001500000013038516,10.0
F,0.815,0.055,1.13,2.8255,0.001,0.0005,0.001500000013038516,18.0
M,0.075,0.65,1.13,2.8255,0.001,0.0005,0.001500000013038516,16.0
F,0.815,0.055,1.13,2.8255,0.001,0.0005,0.001500000013038516,12.0
M,0.075,0.65,1.13,2.8255,0.001,0.0005,0.001500000013038516,16.0
F,0.815,0.055,1.13,2.8255,0.001,0.0005,0.001500000013038516,14.0
F,0.815,0.055,1.13,2.8255,0.001,0.0005,0.001500000013038516,14.0
F,0.815,0.055,1.13,2.8255,0.001,0.0005,0.001500000013038516,14.0
F,0.075,0.055,1.13,2.8255,0.001,0.0005,0.001500000013038516,12.0
F,0.815,0.055,1.13,2.8255,0.001,0.0005,0.001500000013038516,18.0
F,0.075,0.65,1.13,2.8255,0.001,0.0005,0.001500000013038516,10.0
F,0.815,0.055,1.13,2.8255,0.001,0.0005,0.001500000013038516,10.0
M,0.815,0.055,1.13,2.8255,0.001,0.0005,0.001500000013038516,14.0
F,0.815,0.055,1.13,2.8255,0.001,0.0005,0.001500000013038516,12.0
F,0.815,0.055,1.13,2.8255,0.001,0.0005,0.001500000013038516,12.0
F,0.815,0.055,1.13,2.8255,0.001,0.0005,0.001500000013038516,12.0
M,0.075,0.65,0.0,2.8255,0.001,0.0005,0.001500000013038516,16.0
F,0.075,0.65,1.13,2.8255,0.001,0.0005,0.001500000013038516,10.0
F,0.075,0.65,1.13,2.8255,0.001,0.0005,0.001500000013038516,18.0
F,0.815,0.055,1.13,2.8255,0.001,0.0005,0.001500000013038516,12.0
I,0.815,0.055,0.0,2.8255,0.001,0.0005,0.001500000013038516,1.0
F,0.075,0.65,1.13,2.8255,0.001,0.0005,0.001500000013038516,10.0
F,0.075,0.65,1.13,2.8255,0.001,0.0005,0.001500000013038516,10.0
F,0.815,0.055,1.13,2.8255,0.001,0.0005,1.0049999952316284,10.0
I,0.815,0.055,1.13,2.8255,0.001,0.0005,0.001500000013038516,5.0
M,0.075,0.65,0.0,2.8255,0.001,0.0005,0.001500000013038516,15.0
M,0.075,0.65,0.0,2.8255,0.001,0.0005,0.001500000013038516,16.0
I,0.815,0.055,0.0,2.8255,0.001,0.0005,1.0049999952316284,9.0
F,0.075,0.65,1.13,2.8255,0.001,0.0005,0.001500000013038516,10.0
F,0.075,0.65,1.0882696,2.8255,0.001,0.0005,0.001500000013038516,12.0
F,0.075,0.055,1.13,2.8255,0.001,0.0005,0.001500000013038516,10.0
F,0.075,0.65,1.13,2.8255,0.001,0.0005,0.001500000013038516,10.0
I,0.815,0.055,1.13,2.8255,0.001,0.0005,1.0049999952316284,9.0
F,0.075,0.65,1.13,2.8255,0.001,0.0005,0.001500000013038516,10.0
F,0.815,0.055,1.13,2.8255,0.001,0.0005,0.001500000013038516,10.0
F,0.815,0.055,1.13,2.8255,0.001,0.0005,0.001500000013038516,12.0
F,0.075,0.65,1.13,2.8255,0.001,0.0005,0.001500000013038516,14.0
I,0.815,0.055,1.13,2.8255,0.001,0.0005,0.001500000013038516,18.0
M,0.815,0.055,0.0,2.8255,0.001,0.0005,0.001500000013038516,16.0
F,0.075,0.65,0.0,2.8255,0.001,0.0005,0.001500000013038516,10.0
F,0.075,0.055,1.13,2.8255,0.001,0.0005,0.001500000013038516,10.0
F,0.815,0.055,1.13,2.8255,0.001,0.0005,0.001500000013038516,12.0
F,0.815,0.055,1.13,2.8255,0.001,0.0005,0.001500000013038516,12.0
F,0.075,0.65,0.0,2.8255,0.001,0.0005,1.0049999952316284,18.0
F,0.075,0.65,1.13,2.8255,0.001,0.0005,0.001500000013038516,16.0
F,0.815,0.055,1.13,2.8255,0.001,0.0005,0.001500000013038516,14.0
F,0.815,0.055,1.13,2.8255,0.001,0.0005,0.001500000013038516,12.0
F,0.815,0.055,1.13,2.8255,0.001,0.0005,0.001500000013038516,12.0
I,0.075,0.65,0.0,2.8255,0.001,0.0005,1.0049999952316284,18.0
F,0.075,0.65,1.13,2.8255,0.001,0.0005,0.001500000013038516,10.0
F,0.075,0.65,1.13,2.8255,0.001,0.0005,0.001500000013038516,16.0
F,0.075,0.65,0.0,2.8255,0.001,0.0005,1.0049999952316284,10.0
F,0.075,0.65,1.13,2.8255,0.001,0.0005,0.001500000013038516,16.0
F,0.075,0.055,1.13,2.8255,0.001,0.0005,0.001500000013038516,12.0
F,0.075,0.65,1.13,2.8255,0.001,0.0005,1.0049999952316284,5.0
F,0.815,0.055,1.13,2.8255,0.001,0.0005,0.001500000013038516,12.0
F,0.815,0.055,1.13,2.8255,0.001,0.0005,0.001500000013038516,12.0
F,0.075,0.65,1.13,2.8255,0.001,0.0005,0.001500000013038516,14.0
F,0.075,0.65,1.13,2.8255,0.001,0.0005,0.001500000013038516,10.0
F,0.815,0.055,1.13,2.8255,0.001,0.0005,0.001500000013038516,12.0
F,0.815,0.055,1.13,0.0020104328,0.001,0.0005,0.001500000013038516,9.0
M,0.815,0.055,0.0,2.8255,0.001,0.0005,0.001500000013038516,5.0
I,0.815,0.055,1.13,2.8255,0.001,0.0005,1.0049999952316284,6.0
F,0.075,0.055,1.13,2.8255,0.001,0.0005,0.001500000013038516,12.0
F,0.815,0.055,1.13,2.8255,0.001,0.0005,0.001500000013038516,12.0
F,0.075,0.65,1.13,2.8255,0.001,0.0005,0.001500000013038516,14.0
F,0.075,0.65,1.13,2.8255,0.001,0.0005,0.001500000013038516,16.0
F,0.075,0.65,1.13,2.8255,0.001,0.0005,0.001500000013038516,10.0
F,0.075,0.65,1.13,2.8255,0.001,0.0005,0.001500000013038516,16.0
I,0.815,0.055,0.0,2.8255,0.001,0.0005,0.001500000013038516,14.0
F,0.815,0.055,1.13,2.8255,0.001,0.0005,0.001500000013038516,12.0
F,0.075,0.65,1.13,2.8255,0.001,0.0005,0.001500000013038516,14.0
F,0.075,0.65,1.13,2.8255,0.001,0.0005,0.001500000013038516,10.0
F,0.075,0.65,1.13,2.8255,0.001,0.0005,0.001500000013038516,16.0
M,0.075,0.65,1.13,2.8255,0.001,0.0005,0.001500000013038516,16.0
F,0.075,0.65,1.13,2.8255,0.001,0.0005,0.001500000013038516,17.0
F,0.075,0.65,1.13,2.8255,0.001,0.0005,0.001500000013038516,10.0
F,0.075,0.65,1.13,2.8255,0.001,0.0005,0.001500000013038516,10.0
F,0.075,0.65,1.13,2.8255,0.001,0.0005,0.001500000013038516,5.0
F,0.815,0.055,1.13,2.8255,0.001,0.0005,0.001500000013038516,12.0
M,0.075,0.65,1.13,2.8255,0.001,0.0005,0.001500000013038516,16.0
F,0.075,0.65,1.13,2.8255,0.001,0.0005,1.0049999952316284,6.0
M,0.815,0.055,0.0,2.8255,0.001,0.0005,0.001500000013038516,14.0
F,0.815,0.055,1.13,2.8255,0.001,0.0005,0.001500000013038516,12.0
F,0.075,0.65,1.13,2.8255,0.001,0.0005,0.001500000013038516,16.0
F,0.815,0.055,1.13,2.8255,0.001,0.0005,0.001500000013038516,12.0
F,0.075,0.65,1.13,2.8255,0.001,0.0005,0.001500000013038516,10.0
F,0.815,0.055,1.13,2.8255,0.001,0.0005,0.001500000013038516,12.0
I,0.815,0.055,1.13,2.8255,0.001,0.0005,1.0049999952316284,9.0
F,0.815,0.055,1.13,2.8255,0.001,0.0005,0.001500000013038516,12.0
F,0.815,0.055,1.13,2.8255,0.001,0.0005,0.001500000013038516,10.0
F,0.075,0.65,1.13,2.8255,0.001,0.0005,0.001500000013038516,10.0
F,0.815,0.055,1.13,2.8255,0.001,0.0005,0.001500000013038516,10.0
F,0.075,0.65,1.13,2.8255,0.001,0.0005,0.001500000013038516,10.0
F,0.815,0.055,1.13,2.8255,0.001,0.0005,0.001500000013038516,18.0
M,0.815,0.055,1.13,2.8255,0.001,0.0005,0.001500000013038516,18.0
F,0.075,0.65,1.13,2.8255,0.001,0.0005,1.0049999952316284,6.0
F,0.075,0.65,1.13,2.8255,0.001,0.0005,0.001500000013038516,10.0
F,0.815,0.055,1.13,2.8255,0.001,0.0005,0.001500000013038516,10.0
F,0.075,0.65,1.13,2.8255,0.001,0.0005,0.001500000013038516,5.0
M,0.815,0.055,1.13,2.8255,0.001,0.0005,0.001500000013038516,14.0
F,0.815,0.055,1.13,2.8255,0.001,0.0005,0.001500000013038516,14.0
M,0.815,0.055,1.13,2.8255,0.001,0.0005,0.001500000013038516,18.0
F,0.815,0.055,1.13,2.8255,0.001,0.0005,0.001500000013038516,12.0
F,0.815,0.055,1.13,2.8255,0.001,0.0005,0.001500000013038516,10.0
F,0.075,0.055,1.13,2.8255,0.001,0.0005,0.001500000013038516,12.0
F,0.075,0.65,0.0,2.8255,0.001,0.0005,0.001500000013038516,5.0
F,0.075,0.65,1.13,2.8255,0.001,0.0005,0.001500000013038516,10.0
F,0.075,0.65,1.13,2.8255,0.001,0.0005,0.001500000013038516,10.0
F,0.075,0.65,1.13,2.8255,0.001,0.0005,1.0049999952316284,10.0
F,0.815,0.055,1.13,2.8255,0.001,0.0005,0.001500000013038516,12.0
F,0.075,0.65,1.13,2.8255,0.001,0.0005,1.0049999952316284,18.0
F,0.075,0.65,1.13,2.8255,0.001,0.0005,0.001500000013038516,5.0
F,0.075,0.055,1.13,2.8255,0.001,0.0005,1.0049999952316284,6.0
F,0.075,0.65,1.13,2.8255,0.001,0.0005,0.001500000013038516,10.0
F,0.075,0.055,1.13,2.8255,0.001,0.0005,0.001500000013038516,14.0
F,0.075,0.055,1.13,2.8255,0.001,0.0005,0.001500000013038516,14.0
F,0.815,0.055,1.13,2.8255,0.001,0.0005,0.001500000013038516,18.0
F,0.075,0.055,1.13,2.8255,0.001,0.0005,0.001500000013038516,10.0
F,0.075,0.055,1.13,2.8255,0.001,0.0005,0.001500000013038516,14.0
F,0.075,0.055,1.13,2.8255,0.001,0.0005,0.001500000013038516,14.0
F,0.075,0.055,1.13,2.8255,0.001,0.0005,0.001500000013038516,12.0
M,0.075,0.65,0.0,2.8255,0.001,0.0005,0.001500000013038516,16.0
F,0.075,0.65,1.13,2.8255,0.001,0.0005,0.001500000013038516,10.0
F,0.815,0.055,1.13,2.8255,0.001,0.0005,0.001500000013038516,12.0
F,0.075,0.65,1.13,2.8255,0.001,0.0005,0.001500000013038516,16.0
F,0.075,0.65,1.13,2.8255,0.001,0.0005,0.001500000013038516,10.0
F,0.075,0.65,1.13,2.8255,0.001,0.0005,1.0049999952316284,10.0
F,0.815,0.055,1.13,2.8255,0.001,0.0005,0.001500000013038516,12.0
I,0.815,0.055,1.13,2.8255,0.001,0.0005,1.0049999952316284,12.0
F,0.815,0.055,1.13,2.8255,0.001,0.0005,0.001500000013038516,14.0
F,0.075,0.055,1.13,2.8255,0.001,0.0005,0.001500000013038516,10.0
F,0.815,0.055,1.13,2.8255,0.001,0.0005,0.001500000013038516,18.0
F,0.075,0.055,1.13,2.8255,0.001,0.0005,0.001500000013038516,16.0
M,0.075,0.65,0.0,2.8255,0.001,0.0005,0.001500000013038516,16.0
I,0.815,0.055,1.13,2.8255,0.001,0.0005,0.001500000013038516,10.0
F,0.815,0.055,1.13,2.8255,0.001,0.0005,0.001500000013038516,10.0
F,0.075,0.65,1.13,2.8255,0.001,0.0005,1.0049999952316284,10.0
F,0.075,0.65,1.13,2.8255,0.001,0.0005,0.001500000013038516,5.0
F,0.815,0.055,1.13,2.8255,0.001,0.0005,0.001500000013038516,18.0
F,0.075,0.65,1.1194001,2.8255,0.001,0.0005,0.001500000013038516,10.0
M,0.075,0.055,1.13,2.8255,0.001,0.0005,0.001500000013038516,16.0
F,0.075,0.055,1.13,2.8255,0.001,0.0005,0.001500000013038516,14.0
F,0.815,0.055,1.13,2.8255,0.001,0.0005,0.001500000013038516,12.0
M,0.075,0.65,1.13,2.8255,0.001,0.0005,0.001500000013038516,18.0
I,0.815,0.055,0.0,2.8255,0.001,0.0005,1.0049999952316284,9.0
F,0.815,0.055,1.13,2.8255,0.001,0.0005,0.001500000013038516,12.0
F,0.075,0.055,1.13,2.8255,0.001,0.0005,0.001500000013038516,10.0
I,0.815,0.055,1.13,2.8255,0.001,0.0005,0.001500000013038516,14.0
F,0.075,0.65,1.13,2.8255,0.001,0.0005,0.001500000013038516,16.0
F,0.075,0.65,1.13,2.8255,0.001,0.0005,0.001500000013038516,10.0
F,0.075,0.65,1.13,2.8255,0.001,0.0005,0.001500000013038516,16.0
F,0.815,0.055,1.13,2.8255,0.001,0.0005,0.001500000013038516,18.0
F,0.075,0.65,1.13,2.8255,0.001,0.0005,0.001500000013038516,10.0
F,0.815,0.055,1.13,2.8255,0.001,0.0005,0.001500000013038516,12.0
M,0.075,0.65,0.0,2.8255,0.001,0.0005,1.0049999952316284,18.0
M,0.075,0.65,1.13,2.8255,0.001,0.0005,0.001500000013038516,5.0
F,0.815,0.055,1.13,2.8255,0.001,0.0005,0.001500000013038516,12.0
F,0.075,0.65,1.13,2.8255,0.001,0.0005,0.001500000013038516,16.0
F,0.815,0.055,1.13,2.8255,0.001,0.0005,0.001500000013038516,10.0
M,0.815,0.055,1.13,2.8255,0.001,0.0005,0.001500000013038516,18.0
F,0.815,0.055,1.13,2.8255,0.001,0.0005,0.001500000013038516,10.0
M,0.075,0.65,1.13,2.8255,0.001,0.0005,0.001500000013038516,16.0
M,0.075,0.65,1.13,2.8255,0.001,0.0005,0.001500000013038516,5.0
F,0.075,0.055,1.13,2.8255,0.001,0.0005,1.0049999952316284,6.0
F,0.815,0.055,1.13,2.8255,0.001,0.0005,0.001500000013038516,10.0
M,0.075,0.65,1.13,2.8255,0.001,0.0005,0.001500000013038516,16.0
F,0.075,0.65,1.13,2.8255,0.001,0.0005,0.001500000013038516,16.0
F,0.075,0.65,1.13,2.8255,0.001,0.0005,1.0049999952316284,6.0
F,0.075,0.65,1.13,2.8255,0.001,0.0005,0.001500000013038516,14.0
F,0.075,0.055,1.13,2.8255,0.001,0.0005,0.001500000013038516,14.0
F,0.075,0.055,1.13,2.8255,0.001,0.0005,0.001500000013038516,14.0
F,0.075,0.055,1.13,2.8255,0.001,0.0005,0.001500000013038516,14.0
F,0.075,0.65,1.13,2.8255,0.001,0.0005,0.001500000013038516,16.0
F,0.075,0.65,0.0,2.8255,0.001,0.0005,0.001500000013038516,4.0
F,0.815,0.055,1.13,2.8255,0.001,0.0005,0.001500000013038516,12.0
F,0.075,0.055,1.13,2.8255,0.001,0.0005,0.001500000013038516,12.0
F,0.815,0.055,1.13,2.8255,0.001,0.0005,0.001500000013038516,12.0
F,0.815,0.055,1.13,2.8255,0.001,0.0005,0.001500000013038516,12.0
F,0.075,0.65,1.13,2.8255,0.001,0.0005,0.001500000013038516,10.0
F,0.075,0.65,1.13,2.8255,0.001,0.0005,1.0049999952316284,10.0
F,0.075,0.65,1.13,2.8255,0.001,0.0005,0.001500000013038516,10.0
F,0.815,0.055,1.13,2.8255,0.001,0.0005,0.001500000013038516,12.0
F,0.075,0.65,1.13,2.8255,0.001,0.0005,0.001500000013038516,12.0
F,0.815,0.055,1.13,2.8255,0.001,0.0005,0.001500000013038516,5.0
F,0.075,0.055,1.13,2.8255,0.001,0.0005,0.001500000013038516,10.0
F,0.815,0.055,1.13,2.8255,0.001,0.0005,0.001500000013038516,12.0
F,0.075,0.65,0.0,2.8255,0.001,0.0005,1.0049999952316284,18.0
M,0.075,0.65,0.0,2.8255,0.001,0.0005,0.001500000013038516,16.0
F,0.815,0.055,1.13,2.8255,0.001,0.0005,0.001500000013038516,12.0
I,0.815,0.05500303,0.0,2.8255,0.001,0.0005,1.0049999952316284,6.0
F,0.815,0.055,1.13,2.8255,0.001,0.0005,1.0049999952316284,11.0
F,0.815,0.055,1.13,2.8255,0.001,0.0005,1.0049999952316284,9.0
F,0.075,0.65,1.13,2.8255,0.001,0.0005,0.001500000013038516,10.0
F,0.815,0.055,1.13,2.8255,0.001,0.0005,0.001500000013038516,12.0
F,0.075,0.65,1.13,2.8255,0.001,0.0005,0.001500000013038516,16.0
F,0.815,0.055,1.13,2.8255,0.001,0.0005,0.001500000013038516,10.0
F,0.075,0.055,1.13,2.8255,0.001,0.0005,1.0049999952316284,10.0
F,0.075,0.65,1.13,2.8255,0.001,0.0005,0.001500000013038516,10.0
M,0.075,0.65,1.13,2.8255,0.001,0.0005,0.001500000013038516,16.0
F,0.075,0.65,1.13,2.8255,0.001,0.0005,0.001500000013038516,12.0
F,0.075,0.055,1.13,2.8255,0.001,0.0005,0.001500000013038516,12.0
F,0.815,0.055,1.13,2.8255,0.001,0.0005,0.001500000013038516,12.0
F,0.815,0.055,1.13,2.8255,0.001,0.0005,0.001500000013038516,12.0
F,0.075,0.65,1.13,2.8255,0.001,0.0005,0.001500000013038516,10.0
F,0.075,0.65,1.13,2.8255,0.001,0.0005,0.001500000013038516,14.0
F,0.075,0.055,1.13,2.8255,0.001,0.0005,0.001500000013038516,12.0
M,0.075,0.055,1.13,2.8255,0.001,0.0005,0.001500000013038516,14.0
F,0.075,0.65,0.0,2.8255,0.001,0.0005,0.001500000013038516,5.0
F,0.075,0.65,1.13,2.8255,0.001,0.0005,0.001500000013038516,16.0
F,0.815,0.055,1.13,2.8255,0.001,0.0005,1.0049999952316284,7.0
F,0.075,0.65,1.13,2.8255,0.001,0.0005,0.001500000013038516,14.0
F,0.815,0.055,1.13,2.8255,0.001,0.0005,0.001500000013038516,12.0
F,0.815,0.055,1.13,2.8255,0.001,0.0005,0.001500000013038516,12.0
F,0.815,0.055,1.13,2.8255,0.001,0.0005,0.001500000013038516,12.0
F,0.075,0.65,1.13,2.8255,0.001,0.0005,0.001500000013038516,10.0
F,0.075,0.65,1.13,2.8255,0.001,0.0005,0.001500000013038516,16.0
F,0.815,0.055,1.13,2.8255,0.001,0.0005,0.001500000013038516,12.0
F,0.815,0.055,1.13,2.8255,0.001,0.0005,0.001500000013038516,1.0
F,0.075,0.055,1.13,2.8255,0.001,0.0005,0.001500000013038516,10.0
F,0.815,0.055,1.13,2.8255,0.001,0.0005,0.001500000013038516,10.0
F,0.815,0.055,1.13,2.8255,0.001,0.0005,0.001500000013038516,12.0
F,0.815,0.055,1.13,2.8255,0.001,0.0005,0.001500000013038516,9.0
F,0.075,0.65,1.13,2.8255,0.001,0.0005,0.001500000013038516,14.0
F,0.075,0.65,1.13,2.8255,0.001,0.0005,0.001500000013038516,10.0
F,0.075,0.65,1.13,2.8255,0.001,0.0005,0.001500000013038516,10.0
F,0.075,0.65,1.13,2.8255,0.001,0.0005,0.001500000013038516,16.0
F,0.075,0.65,1.13,2.8255,0.001,0.0005,0.001500000013038516,16.0
F,0.815,0.055,1.13,2.8255,0.001,0.0005,0.001500000013038516,12.0
F,0.075,0.65,1.13,2.8255,0.001,0.0005,0.001500000013038516,16.0
F,0.075,0.65,1.13,2.8255,0.001,0.0005,0.001500000013038516,5.0
F,0.815,0.055,1.13,2.8255,0.001,0.0005,0.001500000013038516,12.0
F,0.815,0.055,1.13,2.8255,0.001,0.0005,0.001500000013038516,18.0
F,0.075,0.055,1.13,2.8255,0.001,0.0005,0.001500000013038516,16.0
M,0.815,0.055,0.0,2.8255,0.001,0.0005,0.001500000013038516,16.0
F,0.075,0.65,1.13,2.8255,0.001,0.0005,0.001500000013038516,10.0
F,0.075,0.65,1.13,2.8255,0.001,0.0005,0.001500000013038516,10.0
F,0.075,0.65,0.0,2.8255,0.001,0.0005,1.0049999952316284,4.0
M,0.075,0.65,1.13,2.8255,0.001,0.0005,0.001500000013038516,16.0
I,0.815,0.055,0.0,2.8255,0.001,0.0005,1.0049999952316284,9.0
F,0.075,0.055,1.13,2.8255,0.001,0.0005,0.001500000013038516,18.0
F,0.815,0.055,1.13,2.8255,0.001,0.0005,0.0015045575564727187,9.0
F,0.075,0.65,1.13,2.8255,0.001,0.0005,0.001500000013038516,10.0
F,0.075,0.65,1.13,2.8255,0.001,0.0005,0.001500000013038516,16.0
F,0.075,0.055,1.13,2.8255,0.001,0.0005,0.001500000013038516,10.0
F,0.815,0.055,1.13,2.8255,0.001,0.0005,0.001500000013038516,10.0
F,0.815,0.055,1.13,2.8255,0.001,0.0005,0.001500000013038516,10.0
M,0.815,0.055,1.13,2.8255,0.001,0.0005,0.001500000013038516,18.0
F,0.075,0.65,0.0,2.8255,0.001,0.0005,0.001500000013038516,5.0
F,0.075,0.055,1.13,2.8255,0.001,0.0005,0.001500000013038516,10.0
I,0.815,0.055,1.13,2.8255,0.001,0.0005,0.001500000013038516,18.0
F,0.075,0.65,1.13,2.8255,0.001,0.0005,1.0049999952316284,6.0
F,0.815,0.055,1.13,2.8255,0.001,0.0005,0.001500000013038516,12.0
F,0.075,0.65,1.13,2.8255,0.001,0.0005,0.001500000013038516,10.0
F,0.815,0.055,1.13,2.8255,0.001,0.0005,0.001500000013038516,12.0
F,0.075,0.055,1.13,2.8255,0.001,0.0005,0.001500000013038516,10.0
M,0.815,0.055,0.0,2.8255,0.001,0.0005,0.001500000013038516,5.0
F,0.075,0.055,1.13,2.8255,0.001,0.0005,0.001500000013038516,10.0
F,0.075,0.65,1.13,2.8255,0.001,0.0005,0.001500000013038516,14.0
F,0.075,0.65,1.13,2.8255,0.001,0.0005,0.001500000013038516,16.0
F,0.815,0.055,1.13,2.8255,0.001,0.0005,0.001500000013038516,14.0
F,0.075,0.055,1.13,2.8255,0.001,0.0005,0.001500000013038516,10.0
F,0.075,0.65,1.13,2.8255,0.001,0.0005,0.001500000013038516,10.0
F,0.815,0.055,1.13,2.8255,0.001,0.0005,0.001500000013038516,18.0
F,0.075,0.65,1.13,2.8255,0.001,0.0005,0.001500000013038516,10.0
M,0.815,0.055,1.13,2.8255,0.001,0.0005,0.001500000013038516,14.0
F,0.075,0.65,1.13,2.8255,0.001,0.0005,0.001500000013038516,5.0
F,0.075,0.65,1.13,2.8255,0.001,0.0005,0.001500000013038516,5.0
F,0.075,0.055,1.13,2.8255,0.001,0.0005,0.001500000013038516,16.0
F,0.075,0.65,1.13,2.8255,0.001,0.0005,0.001500000013038516,10.0
F,0.075,0.65,1.13,2.8255,0.001,0.0005,0.001500000013038516,16.0
F,0.075,0.65,1.13,2.8255,0.001,0.0005,0.001500000013038516,10.0
F,0.815,0.055,1.13,2.8255,0.001,0.0005,1.0049999952316284,12.0
F,0.815,0.055,1.13,2.8255,0.001,0.0005,0.001500000013038516,12.0
I,0.815,0.055,0.0,2.8255,0.001,0.0005,0.001500000013038516,12.0
M,0.075,0.65,0.0,2.8255,0.001,0.0005,0.001500000013038516,16.0
F,0.075,0.65,1.13,2.8255,0.001,0.0005,0.001500000013038516,18.0
I,0.815,0.055,0.0,2.8255,0.001,0.0005,0.001500000013038516,12.0
F,0.075,0.65,1.13,2.8255,0.001,0.0005,0.001500000013038516,10.0
F,0.075,0.65,1.13,2.8255,0.001,0.0005,0.001500000013038516,18.0
I,0.815,0.055,0.0,2.8255,0.001,0.0005,0.001500000013038516,14.0
F,0.075,0.65,1.13,2.8255,0.001,0.0005,0.001500000013038516,10.0
F,0.075,0.65,1.13,2.8255,0.001,0.0005,0.001500000013038516,16.0
F,0.075,0.65,1.13,2.8255,0.001,0.0005,1.0049999952316284,6.0
F,0.815,0.055,1.13,2.8255,0.001,0.0005,0.001500000013038516,12.0
F,0.075,0.65,1.13,2.8255,0.001,0.0005,0.001500000013038516,10.0
I,0.815,0.055,0.0,2.8255,0.001,0.0005,0.001500000013038516,14.0
F,0.075,0.65,1.13,2.8255,0.001,0.0005,0.001500000013038516,14.0
F,0.075,0.055,1.13,2.8255,0.001,0.0005,0.001500000013038516,10.0
F,0.075,0.65,1.13,2.8255,0.001,0.0005,0.001500000013038516,16.0
F,0.815,0.055,1.13,2.8255,0.001,0.0005,0.001500000013038516,10.0
F,0.075,0.65,1.13,2.8255,0.001,0.0005,0.001500000013038516,10.0
F,0.815,0.055,1.13,2.8255,0.001,0.0005,0.001500000013038516,10.0
F,0.075,0.65,1.13,2.8255,0.001,0.0005,0.001500000013038516,14.0
F,0.815,0.055,1.13,2.8255,0.001,0.0005,0.001500000013038516,12.0
F,0.815,0.055,1.13,2.8255,0.001,0.0005,0.001500000013038516,12.0
F,0.075,0.65,1.13,2.8255,0.001,0.0005,0.001500000013038516,10.0
F,0.075,0.055,1.13,2.8255,0.001,0.0005,1.0049999952316284,6.0
F,0.075,0.65,1.13,2.8255,0.001,0.0005,0.001500000013038516,10.0
F,0.075,0.65,1.13,2.8255,0.001,0.0005,0.001500000013038516,14.0
M,0.075,0.65,1.13,2.8255,0.001,0.0005,0.001500000013038516,16.0
F,0.815,0.055,1.13,2.8255,0.001,0.0005,0.001500000013038516,18.0
F,0.815,0.055,1.13,2.8255,0.001,0.0005,0.001500000013038516,18.0
F,0.075,0.65,0.0,2.8255,0.001,0.0005,0.001500000013038516,5.0
F,0.815,0.055,1.13,2.8255,0.001,0.0005,0.001500000013038516,12.0
F,0.075,0.055,1.13,2.8255,0.001,0.0005,0.001500000013038516,16.0
F,0.815,0.055,1.13,2.8255,0.001,0.0005,0.001500000013038516,12.0
I,0.815,0.65,0.0,2.8255,0.001,0.0005,1.0049999952316284,29.0
F,0.075,0.055,1.13,2.8255,0.001,0.0005,0.001500000013038516,12.0
F,0.815,0.055,1.13,2.8255,0.001,0.0005,0.001500000013038516,12.0
F,0.075,0.055,1.13,2.8255,0.001,0.0005,0.001500000013038516,14.0
M,0.815,0.055,0.0,1.9190102,0.001,0.0005,0.001500000013038516,18.0
F,0.075,0.65,1.13,2.8255,0.001,0.0005,0.001500000013038516,16.0
F,0.075,0.65,1.13,2.8255,0.001,0.0005,0.001500000013038516,5.0
F,0.075,0.055,1.13,2.8255,0.001,0.0005,0.001500000013038516,10.0
F,0.075,0.055,1.13,2.8255,0.001,0.0005,0.001500000013038516,10.0
F,0.815,0.055,1.13,2.8255,0.001,0.0005,0.001500000013038516,12.0
F,0.075,0.055,1.13,2.8255,0.001,0.0005,0.001500000013038516,10.0
F,0.075,0.055,1.13,2.8255,0.001,0.0005,0.001500000013038516,14.0
F,0.815,0.055,1.13,2.8255,0.001,0.0005,0.001500000013038516,12.0
F,0.075,0.65,1.13,2.8255,0.001,0.0005,0.001500000013038516,10.0
F,0.075,0.055,1.13,2.8255,0.001,0.0005,0.001500000013038516,10.0
F,0.075,0.65,1.13,2.8255,0.001,0.0005,0.001500000013038516,16.0
M,0.815,0.055,1.13,2.8255,0.001,0.0005,0.001500000013038516,18.0
F,0.075,0.055,1.13,2.8255,0.001,0.0005,0.001500000013038516,6.0
F,0.815,0.055,1.13,2.8255,0.001,0.0005,0.001500000013038516,12.0
F,0.075,0.65,1.13,2.8255,0.001,0.0005,0.001500000013038516,16.0
F,0.075,0.65,1.13,2.8255,0.001,0.0005,0.001500000013038516,5.0
F,0.075,0.65,1.13,2.8255,0.001,0.0005,0.001500000013038516,10.0
F,0.815,0.055,1.13,2.8255,0.001,0.0005,0.001500000013038516,12.0
F,0.815,0.055,1.13,2.8255,0.001,0.0005,0.001500000013038516,12.0
F,0.815,0.055,1.13,2.8255,0.001,0.0005,0.001500000013038516,12.0
F,0.075,0.055,1.13,2.8255,0.001,0.0005,0.001500000013038516,10.0
I,0.815,0.055,0.0,2.8255,0.001,0.0005,1.0049999952316284,7.0
F,0.075,0.65,1.13,2.8255,0.001,0.0005,1.0049999952316284,18.0
F,0.815,0.055,1.13,2.8255,0.001,0.0005,0.001500000013038516,12.0
I,0.815,0.055,1.13,2.8255,0.001,0.0005,0.001500000013038516,14.0
F,0.075,0.65,1.13,2.8255,0.001,0.0005,0.001500000013038516,10.0
F,0.815,0.055,1.13,2.8255,0.001,0.0005,0.001500000013038516,12.0
F,0.075,0.055,1.13,2.8255,0.001,0.0005,0.001500000013038516,12.0
F,0.075,0.65,1.13,2.8255,0.001,0.0005,0.001500000013038516,10.0
F,0.075,0.65,1.13,2.8255,0.001,0.0005,0.001500000013038516,14.0
F,0.815,0.055,1.13,2.8255,0.001,0.0005,0.001500000013038516,12.0
F,0.075,0.055,1.13,2.8255,0.001,0.0005,0.001500000013038516,10.0
F,0.815,0.055,1.13,2.8255,0.001,0.0005,0.001500000013038516,12.0
F,0.815,0.055,1.13,2.8255,0.001,0.0005,0.001500000013038516,10.0
F,0.815,0.055,1.13,2.8255,0.001,0.0005,0.001500000013038516,12.0
F,0.7028154,0.055,1.13,2.8255,0.001,0.0005,0.001500000013038516,12.0
F,0.075,0.65,1.13,2.8255,0.001,0.0005,0.001500000013038516,16.0
F,0.075,0.055,1.13,2.8255,0.001,0.0005,0.001500000013038516,10.0
F,0.815,0.055,1.13,2.8255,0.001,0.0005,1.0049999952316284,6.0
M,0.075,0.65,1.13,2.8255,0.001,0.0005,0.001500000013038516,16.0
F,0.075,0.65,1.13,2.8255,0.001,0.0005,0.001500000013038516,10.0
F,0.075,0.65,1.13,2.8255,0.001,0.0005,0.001500000013038516,10.0
F,0.815,0.055,0.175,2.8255,0.001,0.0005,0.001500000013038516,12.0
M,0.815,0.055,2.0281557e-06,2.8255,0.001,0.0005,0.001500000013038516,18.0
F,0.815,0.055,1.13,2.8255,0.001,0.0005,0.001500000013038516,12.0
F,0.075,0.055,1.13,2.8255,0.001,0.0005,0.001500000013038516,10.0
F,0.075,0.65,1.13,2.8255,0.001,0.0005,0.001500000013038516,16.0
F,0.075,0.65,1.13,2.8255,0.001,0.0005,0.001500000013038516,10.0
I,0.075,0.65,0.0,2.8255,0.001,0.0005,1.0049999952316284,10.0
F,0.075,0.65,1.13,2.8255,0.001,0.0005,1.0049999952316284,10.0
F,0.075,0.65,1.13,2.8255,0.001,0.0005,0.001500000013038516,16.0
F,0.075,0.65,1.13,2.8255,0.001,0.0005,0.001500000013038516,10.0
F,0.815,0.055,1.13,2.8255,0.001,0.0005,0.001500000013038516,12.0
F,0.815,0.055,1.13,2.8255,0.001,0.0005,0.001500000013038516,12.0
F,0.075,0.055,1.13,2.8255,0.001,0.0005,0.001500000013038516,12.0
F,0.815,0.055,1.13,2.8255,0.001,0.0005,0.001500000013038516,12.0
F,0.815,0.055,1.13,2.8255,0.001,0.0005,0.001500000013038516,12.0
F,0.075,0.65,1.13,2.8255,0.001,0.0005,0.001500000013038516,14.0
F,0.815,0.055,1.13,2.8255,0.001,0.0005,0.001500000013038516,10.0
F,0.075,0.055,1.13,2.8255,0.001,0.0005,0.001500000013038516,10.0
I,0.815,0.055,0.0,2.8255,0.001,0.0005,0.001500000013038516,14.0
F,0.815,0.055,1.13,2.8255,0.001,0.0005,0.001500000013038516,5.0
F,0.815,0.055,1.13,2.8255,0.001,0.0005,0.001500000013038516,10.0
M,0.075,0.65,1.13,2.8255,0.001,0.0005,0.001500000013038516,16.0
F,0.075,0.055,1.13,2.8255,0.001,0.0005,0.001500000013038516,10.0
F,0.075,0.65,1.13,2.8255,0.001,0.0005,0.001500000013038516,10.0
F,0.815,0.055,1.13,2.8255,0.001,0.0005,0.001500000013038516,10.0
F,0.075,0.65,1.13,2.8255,0.001,0.0005,0.001500000013038516,10.0
F,0.075,0.055,1.13,2.8255,0.001,0.0005,1.0049999952316284,6.0
F,0.815,0.055,1.13,2.8255,0.001,0.0005,0.001500000013038516,12.0
M,0.075,0.65,1.13,2.8255,0.001,0.0005,0.001500000013038516,16.0
M,0.075,0.65,1.13,2.8255,0.001,0.0005,0.001500000013038516,16.0
F,0.815,0.055,1.13,2.8255,0.001,0.0005,0.001500000013038516,12.0
F,0.815,0.055,1.13,2.8255,0.001,0.0005,0.001500000013038516,12.0
F,0.815,0.055,1.13,2.8255,0.001,0.0005,0.001500000013038516,12.0
F,0.075,0.65,1.13,2.8255,0.001,0.0005,0.001500000013038516,5.0
F,0.815,0.055,1.13,2.8255,0.001,0.0005,0.001500000013038516,12.0
F,0.075,0.65,1.13,2.8255,0.001,0.0005,0.001500000013038516,10.0
F,0.075,0.65,1.13,2.8255,0.001,0.0005,0.001500000013038516,14.0
M,0.815,0.055,1.13,2.8255,0.001,0.0005,0.001500000013038516,18.0
F,0.075,0.65,0.0,2.8255,0.001,0.0005,1.0049999952316284,10.0
F,0.815,0.055,1.13,2.8255,0.001,0.0005,0.001500000013038516,12.0
M,0.075,0.65,0.0,2.8255,0.001,0.0005,0.001500000013038516,16.0
M,0.815,0.055,0.0,2.8255,0.001,0.0005,0.001500000013038516,4.0
M,0.075,0.65,0.07982322,2.8255,0.001,0.0005,0.001500000013038516,18.0
F,0.075,0.65,0.0,2.8255,0.001,0.0005,0.001500000013038516,5.0
I,0.815,0.055,0.0,2.8255,0.001,0.0005,0.001500000013038516,14.0
F,0.815,0.055,1.13,2.8255,0.001,0.0005,0.001500000013038516,12.0
F,0.815,0.055,1.13,2.8255,0.001,0.0005,0.001500000013038516,12.0
F,0.815,0.055,1.13,2.8255,0.001,0.0005,0.001500000013038516,5.0
M,0.815,0.055,0.0,2.8255,0.001,0.0005,0.001500000013038516,17.0
F,0.075,0.055,1.13,2.8255,0.001,0.0005,0.001500000013038516,16.0
M,0.075,0.65,0.0,2.8255,0.001,0.0005,0.001500000013038516,16.0
M,0.075,0.65,0.0,2.8255,0.001,0.0005,1.0049999952316284,18.0
F,0.075,0.65,1.13,2.8255,0.001,0.0005,0.001500000013038516,16.0
F,0.075,0.65,1.13,2.8255,0.001,0.0005,0.001500000013038516,16.0
F,0.815,0.055,1.13,2.8255,0.001,0.0005,0.001500000013038516,12.0
F,0.075,0.055,1.13,2.8255,0.001,0.0005,1.0049999952316284,10.0
F,0.815,0.055,1.13,2.8255,0.001,0.0005,0.001500000013038516,12.0
F,0.075,0.65,1.13,2.8255,0.001,0.0005,0.001500000013038516,5.0
F,0.075,0.65,1.13,2.8255,0.001,0.0005,0.001500000013038516,10.0
F,0.075,0.055,1.13,2.8255,0.001,0.0005,0.001500000013038516,12.0
M,0.815,0.055,0.0,2.8255,0.001,0.0005,0.001500000013038516,18.0
F,0.075,0.65,1.13,2.8255,0.001,0.0005,0.001500000013038516,10.0
F,0.075,0.65,1.13,2.8255,0.001,0.0005,0.001500000013038516,16.0
F,0.815,0.055,1.13,2.8255,0.001,0.0005,0.001500000013038516,7.0
I,0.075,0.65,1.13,2.8255,0.001,0.0005,0.001500000013038516,18.0
F,0.075,0.65,1.13,2.8255,0.001,0.0005,0.001500000013038516,5.0
I,0.815,0.055,0.0,2.8255,0.001,0.0005,0.001500000013038516,12.0
F,0.075,0.65,1.13,2.8255,0.001,0.0005,0.001500000013038516,14.0
F,0.075,0.65,1.13,2.8255,0.001,0.0005,1.0049999952316284,10.0
F,0.075,0.055,1.13,2.8255,0.001,0.0005,0.001500000013038516,14.0
F,0.815,0.055,1.13,2.8255,0.001,0.0005,0.001500000013038516,12.0
F,0.075,0.055,1.13,2.8255,0.001,0.0005,0.001500000013038516,12.0
F,0.815,0.055,1.13,2.8255,0.001,0.0005,0.001500000013038516,18.0
F,0.815,0.055,1.13,2.8255,0.001,0.0005,0.001500000013038516,10.0
F,0.815,0.055,1.13,2.8255,0.001,0.0005,0.001500000013038516,10.0
F,0.075,0.65,1.13,2.8255,0.001,0.0005,0.001500000013038516,14.0
F,0.815,0.055,1.13,2.8255,0.001,0.0005,0.001500000013038516,12.0
F,0.075,0.65,1.13,2.8255,0.001,0.0005,0.001500000013038516,16.0
F,0.075,0.055,1.13,2.8255,0.001,0.0005,0.001500000013038516,12.0
F,0.075,0.65,1.13,2.8255,0.001,0.0005,0.001500000013038516,10.0
F,0.075,0.65,1.13,2.8255,0.001,0.0005,0.001500000013038516,16.0
F,0.075,0.65,1.13,2.8255,0.001,0.0005,0.001500000013038516,5.0
F,0.815,0.055,1.13,2.8255,0.001,0.0005,0.001500000013038516,18.0
F,0.815,0.055,1.13,2.8255,0.001,0.0005,0.001500000013038516,12.0
F,0.075,0.65,1.13,2.8255,0.001,0.0005,0.001500000013038516,14.0
F,0.815,0.055,1.13,2.8255,0.001,0.0005,0.001500000013038516,12.0
F,0.075,0.055,1.13,2.8255,0.001,0.0005,0.001500000013038516,10.0
M,0.075,0.65,0.0,2.8255,0.001,0.0005,0.001500000013038516,16.0
F,0.815,0.055,1.13,2.8255,0.001,0.0005,0.001500000013038516,12.0
F,0.075,0.65,1.13,2.8255,0.001,0.0005,0.001500000013038516,10.0
F,0.075,0.055,1.13,2.8255,0.001,0.0005,0.001500000013038516,12.0
F,0.815,0.055,1.13,2.8255,0.001,0.0005,0.001500000013038516,14.0
F,0.815,0.055,1.13,2.8255,0.001,0.0005,0.001500000013038516,12.0
I,0.075,0.055,1.13,2.8255,0.001,0.0005,1.0049999952316284,10.0
F,0.075,0.65,1.13,2.8255,0.001,0.0005,0.001500000013038516,10.0
F,0.075,0.65,1.13,2.8255,0.001,0.0005,0.001500000013038516,10.0
F,0.815,0.055,1.13,2.8255,0.001,0.0005,0.001500000013038516,18.0
F,0.075,0.65,1.13,2.8255,0.001,0.0005,0.001500000013038516,10.0
F,0.075,0.65,1.13,2.8255,0.001,0.0005,0.001500000013038516,14.0
F,0.815,0.055,1.13,2.8255,0.001,0.0005,0.001500000013038516,12.0
F,0.815,0.055,1.13,2.8255,0.001,0.0005,0.001500000013038516,12.0
F,0.075,0.65,1.13,2.8255,0.001,0.0005,0.001500000013038516,16.0
F,0.815,0.055,1.13,2.8255,0.001,0.0005,0.001500000013038516,5.0
F,0.815,0.055,1.13,2.8255,0.001,0.0005,0.001500000013038516,12.0
M,0.075,0.65,1.13,2.8255,0.001,0.0005,0.001500000013038516,16.0
F,0.075,0.65,0.0,2.8255,0.001,0.0005,0.001500000013038516,18.0
M,0.075,0.65,1.13,2.8255,0.001,0.0005,0.001500000013038516,14.0
F,0.815,0.055,1.13,2.8255,0.001,0.0005,0.001500000013038516,12.0
F,0.075,0.65,1.13,2.8255,0.001,0.0005,0.001500000013038516,10.0
F,0.075,0.65,1.13,2.8255,0.001,0.0005,0.001500000013038516,16.0
F,0.815,0.055,1.13,2.8255,0.001,0.0005,0.001500000013038516,10.0
F,0.075,0.055,1.13,2.8255,0.001,0.0005,0.001500000013038516,10.0
F,0.815,0.055,1.13,2.8255,0.001,0.0005,0.001500000013038516,5.0
F,0.075,0.055,1.13,2.8255,0.001,0.0005,0.001500000013038516,12.0
F,0.075,0.055,1.13,2.8255,0.001,0.0005,0.001500000013038516,10.0
I,0.815,0.055,1.13,2.8255,0.001,0.0005,0.001500000013038516,14.0
M,0.815,0.055,1.13,2.8255,0.001,0.0005,0.001500000013038516,18.0
F,0.075,0.055,1.13,2.8255,0.001,0.0005,0.001500000013038516,12.0
F,0.075,0.055,1.13,2.8255,0.001,0.0005,0.001500000013038516,10.0
F,0.815,0.055,1.13,2.8255,0.001,0.0005,0.001500000013038516,16.0
F,0.815,0.055,1.13,2.8255,0.001,0.0005,0.001500000013038516,12.0
F,0.075,0.65,1.13,2.8255,0.001,0.0005,0.001500000013038516,10.0
I,0.815,0.055,0.0,2.8255,0.001,0.0005,0.001500000013038516,29.0
I,0.075,0.65,0.0,2.8255,0.001,0.0005,1.0049999952316284,14.0
F,0.815,0.055,1.13,2.8255,0.001,0.0005,0.001500000013038516,10.0
F,0.075,0.65,1.13,2.8255,0.001,0.0005,0.001500000013038516,16.0
I,0.815,0.055,1.13,2.8255,0.001,0.0005,1.0049999952316284,6.0
F,0.815,0.055,1.13,2.8255,0.001,0.0005,0.001500000013038516,12.0
M,0.815,0.055,1.13,2.8255,0.001,0.0005,0.001500000013038516,18.0
F,0.815,0.055,1.13,2.8255,0.001,0.0005,0.001500000013038516,12.0
F,0.075,0.65,1.13,2.8255,0.001,0.0005,0.001500000013038516,10.0
F,0.815,0.055,1.13,2.8255,0.001,0.0005,0.001500000013038516,12.0
F,0.815,0.055,1.13,2.8255,0.001,0.0005,0.001500000013038516,10.0
F,0.075,0.65,1.13,2.8255,0.001,0.0005,0.001500000013038516,10.0
F,0.075,0.65,1.13,2.8255,0.001,0.0005,1.0049999952316284,10.0
F,0.815,0.055,1.13,2.8255,0.001,0.0005,0.001500000013038516,12.0
F,0.815,0.055,1.13,2.8255,0.001,0.0005,0.001500000013038516,12.0
F,0.075,0.65,1.13,2.8255,0.001,0.0005,0.001500000013038516,16.0
F,0.815,0.055,1.13,2.8255,0.001,0.0005,0.001500000013038516,12.0
F,0.815,0.055,1.13,2.8255,0.001,0.0005,0.001500000013038516,18.0
M,0.075,0.65,1.13,2.8255,0.001,0.0005,0.001500000013038516,16.0
F,0.075,0.055,1.13,2.8255,0.001,0.0005,0.001500000013038516,10.0
F,0.815,0.055,1.13,2.8255,0.001,0.0005,0.001500000013038516,12.0
F,0.075,0.65,1.13,2.8255,0.001,0.0005,0.001500000013038516,16.0
F,0.075,0.65,1.13,2.8255,0.001,0.0005,0.001500000013038516,12.0
F,0.075,0.65,1.13,2.8255,0.001,0.0005,0.001500000013038516,10.0
F,0.075,0.65,1.13,2.8255,0.001,0.0005,0.001500000013038516,14.0
F,0.075,0.65,1.13,2.8255,0.001,0.0005,0.001500000013038516,10.0
F,0.075,0.65,1.13,2.8255,0.001,0.0005,0.001500000013038516,16.0
F,0.075,0.65,1.13,2.8255,0.001,0.0005,0.001500000013038516,5.0
F,0.815,0.055,1.13,2.8255,0.001,0.0005,0.001500000013038516,12.0
F,0.815,0.055,1.13,2.8255,0.001,0.0005,0.001500000013038516,12.0
F,0.815,0.055,1.13,2.8255,0.001,0.0005,0.001500000013038516,12.0
F,0.815,0.055,1.13,2.8255,0.001,0.0005,0.001500000013038516,12.0
F,0.815,0.055,1.13,2.8255,0.001,0.0005,0.001500000013038516,12.0
F,0.815,0.055,1.13,2.8255,0.001,0.0005,0.001500000013038516,12.0
M,0.075,0.65,1.13,2.8255,0.001,0.0005,0.001500000013038516,14.0
M,0.075,0.65,0.0,2.8255,0.001,0.0005,0.001500000013038516,16.0
F,0.075,0.65,1.13,2.8255,0.001,0.0005,1.0049999952316284,10.0
F,0.075,0.65,1.13,2.8255,0.001,0.0005,0.001500000013038516,13.0
F,0.815,0.055,1.13,2.8255,0.001,0.0005,0.001500000013038516,12.0
F,0.075,0.055,1.13,2.8255,0.001,0.0005,0.001500000013038516,12.0
F,0.075,0.055,1.13,2.8255,0.001,0.0005,0.001500000013038516,10.0
F,0.075,0.65,1.13,2.8255,0.001,0.0005,0.001500000013038516,10.0
F,0.815,0.055,1.13,2.8255,0.001,0.0005,0.001500000013038516,12.0
F,0.075,0.65,1.13,2.8255,0.001,0.0005,0.001500000013038516,12.0
F,0.815,0.055,1.13,2.8255,0.001,0.0005,0.001500000013038516,17.0
F,0.075,0.65,1.13,2.8255,0.001,0.0005,0.001500000013038516,18.0
F,0.075,0.055,1.13,2.8255,0.001,0.0005,0.001500000013038516,10.0
F,0.075,0.055,1.13,2.8255,0.001,0.0005,0.001500000013038516,12.0
F,0.815,0.055,1.13,2.8255,0.001,0.0005,0.001500000013038516,12.0
F,0.075,0.65,1.13,2.8255,0.001,0.0005,0.001500000013038516,10.0
F,0.075,0.65,1.13,2.8255,0.001,0.0005,0.001500000013038516,10.0
M,0.075,0.65,1.13,2.8255,0.001,0.0005,0.001500000013038516,16.0
F,0.075,0.65,1.13,2.8255,0.001,0.0005,0.001500000013038516,10.0
M,0.075,0.055,1.13,2.8255,0.001,0.0005,0.001500000013038516,16.0
F,0.815,0.055,1.13,2.8255,0.001,0.0005,0.001500000013038516,18.0
F,0.075,0.055,1.13,2.8255,0.001,0.0005,0.001500000013038516,18.0
F,0.075,0.65,1.13,2.8255,0.001,0.0005,0.001500000013038516,14.0
F,0.815,0.055,1.13,2.8255,0.001,0.0005,0.35894936323165894,10.0
F,0.815,0.055,1.13,2.8255,0.001,0.0005,0.001500000013038516,10.0
M,0.075,0.65,1.13,2.8255,0.001,0.0005,0.001500000013038516,5.0
F,0.075,0.055,1.13,2.8255,0.001,0.0005,0.001500000013038516,16.0
M,0.075,0.65,1.13,2.8255,0.001,0.0005,0.001500000013038516,18.0
F,0.075,0.65,1.13,2.8255,0.001,0.0005,1.0049999952316284,10.0
F,0.815,0.055,1.13,2.8255,0.001,0.0005,0.001500000013038516,10.0
F,0.075,0.65,1.13,2.8255,0.001,0.0005,0.001500000013038516,16.0
F,0.075,0.65,1.13,2.8255,0.001,0.0005,0.001500000013038516,16.0
M,0.075,0.65,1.13,2.8255,0.001,0.0005,0.001500000013038516,16.0
F,0.075,0.65,1.13,2.8255,0.001,0.0005,1.0049999952316284,6.0
F,0.815,0.055,1.13,2.8255,0.001,0.0005,0.001500000013038516,18.0
F,0.815,0.055,1.13,2.8255,0.001,0.0005,0.001500000013038516,12.0
F,0.815,0.055,1.13,2.8255,0.001,0.0005,0.001500000013038516,12.0
M,0.075,0.65,0.0,2.8255,0.001,0.0005,0.001500000013038516,5.0
F,0.075,0.65,1.13,2.8255,0.001,0.0005,0.001500000013038516,16.0
F,0.815,0.055,1.13,2.8255,0.001,0.0005,0.001500000013038516,12.0
F,0.075,0.65,1.13,2.8255,0.001,0.0005,0.001500000013038516,10.0
F,0.075,0.65,1.13,2.8255,0.001,0.0005,0.001500000013038516,14.0
F,0.815,0.055,1.13,2.8255,0.001,0.0005,0.001500000013038516,12.0
F,0.815,0.055,1.13,2.8255,0.001,0.0005,0.001500000013038516,12.0
F,0.815,0.055,1.13,2.8255,0.001,0.0005,0.001500000013038516,12.0
F,0.075,0.65,1.13,2.8255,0.001,0.0005,0.001500000013038516,10.0
F,0.815,0.055,1.13,2.8255,0.001,0.0005,0.001500000013038516,12.0
F,0.815,0.055,1.13,2.8255,0.001,0.0005,0.001500000013038516,12.0
M,0.815,0.055,1.13,2.8255,0.001,0.0005,0.001500000013038516,18.0
F,0.815,0.055,1.13,2.8255,0.001,0.0005,0.001500000013038516,18.0
F,0.075,0.055,1.13,2.8255,0.001,0.0005,0.001500000013038516,10.0
F,0.075,0.65,1.13,2.8255,0.001,0.0005,0.001500000013038516,10.0
F,0.075,0.055,1.13,2.8255,0.001,0.0005,0.001500000013038516,12.0
F,0.075,0.65,1.13,2.8255,0.001,0.0005,0.001500000013038516,14.0
F,0.075,0.65,1.13,2.8255,0.001,0.0005,0.001500000013038516,16.0
F,0.075,0.65,1.13,2.8255,0.001,0.0005,0.001500000013038516,16.0
F,0.075,0.65,1.13,2.8255,0.001,0.0005,0.001500000013038516,10.0
I,0.815,0.055,0.0,2.8255,0.001,0.0005,0.001500000013038516,12.0
F,0.075,0.65,1.13,2.8255,0.001,0.0005,0.001500000013038516,10.0
F,0.075,0.65,1.13,2.8255,0.001,0.0005,0.001500000013038516,16.0
M,0.815,0.055,1.13,2.8255,0.001,0.0005,0.001500000013038516,18.0
M,0.815,0.055,0.0,2.8255,0.001,0.0005,0.001500000013038516,15.0
F,0.075,0.65,1.13,2.8255,0.001,0.0005,0.001500000013038516,14.0
F,0.075,0.65,1.13,2.8255,0.001,0.0005,0.001500000013038516,10.0
F,0.815,0.055,1.13,2.8255,0.001,0.0005,0.001500000013038516,12.0
F,0.815,0.055,1.13,2.8255,0.001,0.0005,0.001500000013038516,18.0
F,0.815,0.055,1.13,2.8255,0.001,0.0005,0.001500000013038516,10.0
F,0.815,0.055,1.13,2.8255,0.001,0.0005,0.001500000013038516,12.0
M,0.815,0.055,1.13,2.8255,0.001,0.0005,0.001500000013038516,18.0
F,0.815,0.055,1.13,2.8255,0.001,0.0005,0.001500000013038516,10.0
F,0.075,0.65,1.13,2.8255,0.001,0.0005,0.001500000013038516,16.0
F,0.075,0.055,1.13,2.8255,0.001,0.0005,0.001500000013038516,10.0
F,0.075,0.65,1.13,2.8255,0.001,0.0005,0.001500000013038516,18.0
F,0.815,0.055,1.13,2.8255,0.001,0.0005,0.001500000013038516,12.0
F,0.815,0.055,1.13,2.8255,0.001,0.0005,0.001500000013038516,12.0
F,0.815,0.055,1.13,2.8255,0.001,0.0005,0.001500000013038516,12.0
F,0.075,0.65,1.13,2.8255,0.001,0.0005,0.001500000013038516,16.0
M,0.815,0.055,1.13,2.8255,0.001,0.0005,0.001500000013038516,18.0
F,0.075,0.65,1.13,2.8255,0.001,0.0005,1.0049999952316284,10.0
F,0.075,0.65,1.13,2.8255,0.001,0.0005,0.001500000013038516,14.0
F,0.075,0.65,1.13,2.8255,0.001,0.0005,0.001500000013038516,16.0
F,0.815,0.055,1.13,2.8255,0.001,0.0005,0.001500000013038516,5.0
I,0.815,0.055,0.0,2.8255,0.001,0.0005,0.001500000013038516,14.0
F,0.075,0.65,1.13,2.8255,0.001,0.0005,0.5589098334312439,10.0
M,0.815,0.055,1.13,2.8255,0.001,0.0005,0.001500000013038516,18.0
F,0.075,0.055,1.13,2.8255,0.001,0.0005,0.001500000013038516,12.0
F,0.815,0.055,1.13,2.8255,0.001,0.0005,0.001500000013038516,12.0
F,0.815,0.055,1.13,2.8255,0.001,0.0005,0.001500000013038516,12.0
F,0.075,0.65,1.13,2.8255,0.001,0.0005,0.001500000013038516,16.0
M,0.815,0.055,0.0,2.8255,0.001,0.0005,0.001500000013038516,18.0
M,0.815,0.055,1.13,2.8255,0.001,0.0005,0.001500000013038516,18.0
M,0.815,0.055,1.13,2.8255,0.001,0.0005,0.001500000013038516,18.0
F,0.075,0.65,1.13,2.8255,0.001,0.0005,0.001500000013038516,14.0
F,0.075,0.65,1.13,2.8255,0.001,0.0005,1.0049999952316284,6.0
I,0.815,0.055,0.0,2.8255,0.001,0.0005,0.001500000013038516,16.0
M,0.075,0.65,0.0,2.8255,0.001,0.0005,0.001500000013038516,16.0
F,0.815,0.055,1.13,2.8255,0.001,0.0005,0.001500000013038516,12.0
F,0.815,0.055,1.13,2.8255,0.001,0.0005,0.001500000013038516,12.0
F,0.815,0.055,1.13,2.8255,0.001,0.0005,0.001500000013038516,14.0
F,0.815,0.055,1.13,2.8255,0.001,0.0005,0.001500000013038516,12.0
F,0.075,0.65,1.13,2.8255,0.001,0.0005,0.001500000013038516,5.0
F,0.815,0.055,1.13,2.8255,0.001,0.0005,0.001500000013038516,12.0
F,0.075,0.65,1.13,2.8255,0.001,0.0005,0.001500000013038516,16.0
F,0.075,0.65,1.13,2.8255,0.001,0.0005,0.001500000013038516,10.0
F,0.075,0.65,1.13,2.8255,0.001,0.0005,0.001500000013038516,10.0
F,0.815,0.055,1.13,2.8255,0.001,0.0005,0.001500000013038516,12.0
M,0.075,0.65,1.13,2.8255,0.001,0.0005,0.001500000013038516,14.0
F,0.075,0.65,1.13,2.8255,0.001,0.0005,0.001500000013038516,16.0
F,0.075,0.65,1.13,2.8255,0.001,0.0005,0.001500000013038516,10.0
F,0.815,0.055,1.13,2.8255,0.001,0.0005,0.001500000013038516,12.0
F,0.075,0.65,1.13,2.8255,0.001,0.0005,0.001500000013038516,10.0
M,0.075,0.65,1.13,2.8255,0.001,0.0005,0.001500000013038516,16.0
M,0.075,0.65,1.13,2.8255,0.001,0.0005,0.001500000013038516,16.0
F,0.075,0.65,1.13,2.8255,0.001,0.0005,0.001500000013038516,14.0
F,0.075,0.65,1.13,2.8255,0.001,0.0005,0.001500000013038516,10.0
F,0.075,0.055,1.13,2.8255,0.001,0.0005,0.001500000013038516,12.0
I,0.815,0.055,1.13,2.8255,0.001,0.0005,0.001500000013038516,14.0
F,0.075,0.055,1.13,2.8255,0.001,0.0005,0.001500000013038516,16.0
F,0.815,0.055,1.13,2.8255,0.001,0.0005,0.001500000013038516,12.0
F,0.075,0.65,1.13,2.8255,0.001,0.0005,0.001500000013038516,5.0
F,0.075,0.65,1.13,2.8255,0.001,0.0005,0.001500000013038516,14.0
F,0.815,0.055,1.13,2.8255,0.001,0.0005,0.001500000013038516,18.0
F,0.075,0.65,1.13,2.8255,0.001,0.0005,1.0049999952316284,16.0
M,0.815,0.055,0.0,2.8255,0.001,0.0005,0.001500000013038516,18.0
M,0.075,0.65,1.13,2.8255,0.001,0.0005,0.001500000013038516,16.0
M,0.075,0.65,1.13,2.8255,0.001,0.0005,0.001500000013038516,16.0
F,0.075,0.055,1.13,2.8255,0.001,0.0005,0.001500000013038516,12.0
F,0.075,0.055,1.13,2.8255,0.001,0.0005,0.001500000013038516,12.0
F,0.075,0.055,1.13,2.8255,0.001,0.0005,0.001500000013038516,16.0
F,0.815,0.055,1.13,2.8255,0.001,0.0005,0.001500000013038516,14.0
F,0.075,0.65,1.13,2.8255,0.001,0.0005,0.001500000013038516,16.0
F,0.815,0.055,1.13,2.8255,0.001,0.0005,0.001500000013038516,12.0
M,0.075,0.65,1.13,2.8255,0.001,0.0005,0.001500000013038516,5.0
F,0.815,0.055,1.13,2.8255,0.001,0.0005,0.001500000013038516,12.0
F,0.815,0.055,1.13,2.8255,0.001,0.0005,0.001500000013038516,10.0
I,0.815,0.055,0.006831825,2.8255,0.001,0.0005,0.001500000013038516,9.0
F,0.075,0.65,1.13,2.8255,0.001,0.0005,0.001500000013038516,5.0
F,0.815,0.055,1.13,2.8255,0.001,0.0005,0.001500000013038516,12.0
I,0.815,0.055,0.0,2.8255,0.001,0.0005,1.0049999952316284,6.0
F,0.075,0.65,0.0,2.8255,0.001,0.0005,1.0049999952316284,10.0
F,0.815,0.055,1.13,2.8255,0.001,0.0005,0.001500000013038516,12.0
F,0.815,0.055,1.13,2.8255,0.001,0.0005,0.001500000013038516,12.0
F,0.075,0.055,1.13,2.8255,0.001,0.0005,0.001500000013038516,6.0
M,0.815,0.055,0.0,2.8255,0.001,0.0005,0.001500000013038516,18.0
F,0.075,0.65,1.13,2.8255,0.001,0.0005,0.001500000013038516,5.0
F,0.075,0.65,1.13,2.8255,0.001,0.0005,0.001500000013038516,10.0
F,0.815,0.055,1.13,2.8255,0.001,0.0005,0.001500000013038516,12.0
F,0.815,0.055,1.13,2.8255,0.001,0.0005,0.001500000013038516,12.0
F,0.815,0.055,1.13,2.8255,0.001,0.0005,0.001500000013038516,12.0
F,0.075,0.055,1.13,2.8255,0.001,0.0005,0.001500000013038516,12.0
F,0.075,0.65,1.13,2.8255,0.001,0.0005,0.001500000013038516,10.0
F,0.815,0.055,1.13,2.8255,0.001,0.0005,0.001500000013038516,12.0
F,0.815,0.055,1.13,2.8255,0.001,0.0005,0.001500000013038516,5.0
F,0.815,0.055,1.13,2.8255,0.001,0.0005,0.001500000013038516,12.0
F,0.815,0.055,0.059617124,2.8255,0.001,0.0005,0.001500000013038516,12.0
I,0.815,0.055,1.13,2.8255,0.001,0.0005,0.001500000013038516,1.0
F,0.815,0.055,1.13,2.8255,0.001,0.0005,0.001500000013038516,12.0
F,0.075,0.65,1.13,2.8255,0.001,0.0005,0.001500000013038516,10.0
F,0.075,0.65,0.0,2.8255,0.001,0.0005,1.0049999952316284,18.0
F,0.815,0.055,1.13,2.8255,0.001,0.0005,0.001500000013038516,12.0
M,0.075,0.65,1.13,2.8255,0.001,0.0005,0.001500000013038516,16.0
M,0.815,0.055,1.13,2.8255,0.001,0.0005,0.001500000013038516,14.0
F,0.075,0.65,1.13,2.8255,0.001,0.0005,0.001500000013038516,10.0
F,0.075,0.65,1.13,2.8255,0.001,0.0005,0.001500000013038516,10.0
F,0.075,0.65,1.13,2.8255,0.001,0.0005,0.001500000013038516,16.0
M,0.815,0.055,1.13,2.8255,0.001,0.0005,0.001500000013038516,18.0
F,0.815,0.055,1.13,2.8255,0.001,0.0005,0.001500000013038516,12.0
F,0.075,0.055,1.13,2.8255,0.001,0.0005,0.001500000013038516,10.0
F,0.815,0.055,1.13,2.8255,0.001,0.0005,0.001500000013038516,16.0
F,0.075,0.055,1.13,2.8255,0.001,0.0005,0.001500000013038516,12.0
M,0.815,0.055,1.13,2.8255,0.001,0.0005,0.001500000013038516,18.0
F,0.815,0.055,1.13,2.8255,0.001,0.0005,0.001500000013038516,10.0
F,0.075,0.65,1.13,2.8255,0.001,0.0005,0.001500000013038516,16.0
M,0.075,0.65,0.0,2.8255,0.001,0.0005,1.0049999952316284,18.0
F,0.075,0.055,1.13,2.8255,0.001,0.0005,0.001500000013038516,14.0
F,0.815,0.055,1.13,2.8255,0.001,0.0005,0.001500000013038516,12.0
M,0.075,0.65,1.13,2.8255,0.001,0.0005,0.001500000013038516,16.0
F,0.075,0.65,1.13,2.8255,0.001,0.0005,0.001500000013038516,10.0
F,0.075,0.65,1.13,2.8255,0.001,0.0005,0.001500000013038516,14.0
F,0.075,0.65,1.13,2.8255,0.001,0.0005,0.001500000013038516,10.0
M,0.075,0.65,1.13,2.8255,0.001,0.0005,0.001500000013038516,16.0
F,0.075,0.65,1.13,2.8255,0.001,0.0005,0.001500000013038516,10.0
M,0.815,0.055,1.13,2.8255,0.001,0.0005,0.001500000013038516,14.0
F,0.075,0.65,1.13,2.8255,0.001,0.0005,0.001500000013038516,10.0
F,0.075,0.055,1.13,2.8255,0.001,0.0005,1.0049999952316284,6.0
M,0.075,0.65,1.13,2.8255,0.001,0.0005,0.001500000013038516,16.0
I,0.815,0.055,1.13,2.8255,0.001,0.0005,1.0049999952316284,9.0
F,0.075,0.65,0.0,2.8255,0.001,0.0005,0.001500000013038516,16.0
F,0.075,0.65,1.13,2.8255,0.001,0.0005,0.001500000013038516,14.0
F,0.815,0.055,1.13,2.8255,0.001,0.0005,1.0049999952316284,6.0
M,0.815,0.055,1.13,2.8255,0.001,0.0005,0.001500000013038516,18.0
F,0.815,0.055,1.13,2.8255,0.001,0.0005,0.001500000013038516,18.0
F,0.075,0.65,1.13,2.8255,0.001,0.0005,0.001500000013038516,17.0
F,0.075,0.65,1.13,2.8255,0.001,0.0005,0.001500000013038516,17.0
F,0.075,0.65,1.13,2.8255,0.001,0.0005,0.001500000013038516,10.0
F,0.815,0.055,1.13,2.8255,0.001,0.0005,0.001500000013038516,12.0
F,0.815,0.055,1.13,2.8255,0.001,0.0005,0.001500000013038516,5.0
M,0.815,0.055,0.0,2.8255,0.001,0.0005,0.001500000013038516,16.0
F,0.815,0.055,1.13,2.8255,0.001,0.0005,0.001500000013038516,12.0
F,0.075,0.65,1.13,2.8255,0.001,0.0005,0.001500000013038516,16.0
F,0.075,0.055,1.13,2.8255,0.001,0.0005,0.001500000013038516,12.0
F,0.075,0.65,1.13,2.8255,0.001,0.0005,0.001500000013038516,5.0
F,0.075,0.65,1.13,2.8255,0.001,0.0005,1.0049999952316284,10.0
F,0.075,0.65,1.13,2.8255,0.001,0.0005,0.001500000013038516,10.0
F,0.075,0.055,1.13,2.8255,0.001,0.0005,0.001500000013038516,10.0
F,0.815,0.055,1.13,2.8255,0.001,0.0005,0.001500000013038516,5.0
F,0.815,0.055,1.13,2.8255,0.001,0.0005,0.001500000013038516,5.0
F,0.815,0.055,1.13,2.8255,0.001,0.0005,0.001500000013038516,12.0
F,0.075,0.65,1.13,2.8255,0.001,0.0005,0.001500000013038516,14.0
M,0.075,0.055,1.13,2.8255,0.001,0.0005,0.001500000013038516,16.0
F,0.815,0.055,1.13,2.8255,0.001,0.0005,0.001500000013038516,12.0
F,0.815,0.055,1.13,2.8255,0.001,0.0005,0.001500000013038516,12.0
F,0.815,0.055,1.13,2.8255,0.001,0.0005,0.001500000013038516,14.0
F,0.815,0.055,1.13,2.8255,0.001,0.0005,0.001500000013038516,12.0
F,0.815,0.055,1.13,2.8255,0.001,0.0005,0.001500000013038516,12.0
F,0.075,0.65,1.13,2.8255,0.001,0.0005,0.001500000013038516,17.0
I,0.815,0.055,0.0,2.8255,0.001,0.0005,1.0049999952316284,9.0
F,0.075,0.055,1.13,2.8255,0.001,0.0005,1.0049999952316284,6.0
F,0.075,0.055,1.13,2.8255,0.001,0.0005,0.001500000013038516,14.0
M,0.075,0.055,1.13,2.8255,0.001,0.0005,0.001500000013038516,16.0
M,0.075,0.65,1.13,2.8255,0.001,0.0005,0.001500000013038516,5.0
F,0.815,0.055,1.13,2.8255,0.001,0.0005,0.001500000013038516,12.0
F,0.075,0.65,1.13,2.8255,0.001,0.0005,0.001500000013038516,10.0
F,0.815,0.055,1.13,2.8255,0.001,0.0005,0.001500000013038516,10.0
F,0.815,0.055,1.13,2.8255,0.001,0.0005,0.001500000013038516,10.0
F,0.815,0.055,1.13,2.8255,0.001,0.0005,0.001500000013038516,10.0
F,0.075,0.055,1.13,2.8255,0.001,0.0005,0.001500000013038516,10.0
M,0.075,0.65,0.0,2.8255,0.001,0.0005,0.001500000013038516,5.0
F,0.075,0.65,1.13,2.8255,0.001,0.0005,1.0049999952316284,10.0
F,0.075,0.055,1.13,2.8255,0.001,0.0005,0.001500000013038516,12.0
F,0.815,0.055,1.13,2.8255,0.001,0.0005,0.001500000013038516,12.0
F,0.075,0.055,1.13,2.8255,0.001,0.0005,0.001500000013038516,10.0
F,0.075,0.65,1.13,2.8255,0.001,0.0005,0.001500000013038516,14.0
M,0.075,0.65,0.0,2.8255,0.001,0.0005,0.001500000013038516,15.0
F,0.815,0.055,1.13,2.8255,0.001,0.0005,0.001500000013038516,12.0
M,0.815,0.055,1.13,2.8255,0.001,0.0005,0.001500000013038516,18.0
F,0.075,0.65,1.13,2.8255,0.001,0.0005,0.001500000013038516,16.0
F,0.075,0.65,1.13,2.8255,0.001,0.0005,0.001500000013038516,16.0
I,0.815,0.055,1.13,2.8255,0.001,0.0005,1.0049999952316284,7.0
F,0.075,0.65,1.13,2.8255,0.001,0.0005,0.001500000013038516,10.0
F,0.075,0.055,1.13,2.8255,0.001,0.0005,0.001500000013038516,10.0
F,0.075,0.65,1.13,2.8255,0.001,0.0005,0.001500000013038516,16.0
F,0.075,0.65,1.13,2.8255,0.001,0.0005,0.001500000013038516,10.0
F,0.815,0.055,1.13,2.8255,0.001,0.0005,0.001500000013038516,10.0
F,0.815,0.055,1.13,2.8255,0.001,0.0005,0.001500000013038516,12.0
F,0.075,0.65,1.13,2.8255,0.001,0.0005,0.001500000013038516,10.0
M,0.815,0.055,1.13,2.8255,0.001,0.0005,0.001500000013038516,18.0
F,0.075,0.65,1.13,2.8255,0.001,0.0005,0.001500000013038516,10.0
F,0.075,0.65,1.13,2.8255,0.001,0.0005,0.001500000013038516,14.0
F,0.075,0.055,1.13,2.8255,0.001,0.0005,0.001500000013038516,10.0
M,0.075,0.65,1.13,2.8255,0.001,0.0005,0.001500000013038516,16.0
F,0.075,0.65,1.13,2.8255,0.001,0.0005,0.001500000013038516,5.0
F,0.815,0.055,1.13,2.8255,0.001,0.0005,0.001500000013038516,18.0
F,0.075,0.055,1.13,2.8255,0.001,0.0005,0.001500000013038516,12.0
M,0.815,0.055,1.13,2.8255,0.001,0.0005,0.001500000013038516,18.0
M,0.075,0.65,1.13,2.8255,0.001,0.0005,0.001500000013038516,16.0
F,0.815,0.055,1.13,2.8255,0.001,0.0005,0.001500000013038516,12.0
F,0.075,0.65,1.13,2.8255,0.001,0.0005,0.001500000013038516,10.0
F,0.075,0.055,1.13,2.8255,0.001,0.0005,0.001500000013038516,10.0
F,0.815,0.055,1.13,2.8255,0.001,0.0005,0.001500000013038516,12.0
F,0.815,0.055,1.13,2.8255,0.001,0.0005,0.001500000013038516,18.0
F,0.075,0.65,1.13,2.8255,0.001,0.0005,0.001500000013038516,16.0
F,0.075,0.65,1.13,2.8255,0.001,0.0005,0.001500000013038516,16.0
F,0.075,0.65,0.0,2.8255,0.001,0.0005,0.001500000013038516,14.0
F,0.075,0.65,1.13,2.8255,0.001,0.0005,1.0049999952316284,6.0
F,0.075,0.055,1.13,2.8255,0.001,0.0005,0.001500000013038516,12.0
I,0.815,0.055,0.0,2.8255,0.001,0.0005,1.0049999952316284,9.0
F,0.075,0.65,1.13,2.8255,0.001,0.0005,0.001500000013038516,10.0
F,0.075,0.055,1.13,2.8255,0.001,0.0005,0.001500000013038516,10.0
F,0.075,0.65,1.13,2.8255,0.001,0.0005,0.001500000013038516,14.0
F,0.815,0.055,1.13,2.8255,0.001,0.0005,0.001500000013038516,12.0
F,0.075,0.65,1.13,2.8255,0.001,0.0005,0.001500000013038516,10.0
F,0.075,0.65,1.13,2.8255,0.001,0.0005,0.001500000013038516,10.0
F,0.815,0.055,1.13,2.8255,0.001,0.0005,0.001500000013038516,12.0
M,0.075,0.65,0.0,2.8255,0.001,0.0005,0.001500000013038516,4.0
F,0.815,0.055,1.13,2.8255,0.001,0.0005,0.001500000013038516,10.0
F,0.075,0.65,1.13,2.8255,0.001,0.0005,0.001500000013038516,14.0
M,0.815,0.055,0.0,2.8255,0.001,0.0005,0.001500000013038516,18.0
F,0.075,0.65,1.13,2.8255,0.001,0.0005,1.0049999952316284,6.0
F,0.815,0.055,1.13,2.8255,0.001,0.0005,0.001500000013038516,12.0
F,0.075,0.65,1.13,2.8255,0.001,0.0005,0.001500000013038516,5.0
F,0.815,0.055,1.13,2.8255,0.001,0.0005,0.001500000013038516,12.0
F,0.075,0.65,1.13,2.8255,0.001,0.0005,0.001500000013038516,14.0
F,0.815,0.055,1.13,2.8255,0.001,0.0005,0.001500000013038516,12.0
M,0.075,0.65,1.13,2.8255,0.001,0.0005,0.001500000013038516,16.0
F,0.075,0.055,1.13,2.8255,0.001,0.0005,0.001500000013038516,12.0
F,0.815,0.055,1.13,2.8255,0.001,0.0005,0.001500000013038516,12.0
F,0.075,0.65,1.13,2.8255,0.001,0.0005,1.0049999952316284,18.0
M,0.075,0.65,1.13,2.8255,0.001,0.0005,0.001500000013038516,16.0
F,0.815,0.055,1.13,2.8255,0.001,0.0005,0.001500000013038516,12.0
F,0.815,0.055,1.13,2.8255,0.001,0.0005,0.001500000013038516,12.0
F,0.075,0.65,1.13,2.8255,0.001,0.0005,0.001500000013038516,5.0
I,0.075,0.65,0.0,2.8255,0.001,0.0005,1.0049999952316284,10.0
F,0.075,0.65,1.13,2.8255,0.001,0.0005,0.001500000013038516,16.0
M,0.815,0.055,0.0,2.8255,0.001,0.0005,0.001500000013038516,16.0
F,0.075,0.055,1.13,2.8255,0.001,0.0005,0.001500000013038516,10.0
F,0.815,0.055,1.13,2.8255,0.001,0.0005,0.001500000013038516,12.0
F,0.075,0.65,1.13,2.8255,0.001,0.0005,0.001500000013038516,10.0
F,0.815,0.055,1.13,2.8255,0.001,0.0005,0.001500000013038516,12.0
F,0.075,0.055,1.13,2.8255,0.001,0.0005,0.001500000013038516,12.0
M,0.075,0.055,1.13,2.8255,0.001,0.0005,0.001500000013038516,18.0
F,0.075,0.055,1.13,2.8255,0.001,0.0005,0.001500000013038516,10.0
F,0.075,0.055,1.13,2.8255,0.001,0.0005,0.001500000013038516,14.0
M,0.075,0.65,0.0,2.8255,0.001,0.0005,0.001500000013038516,16.0
M,0.075,0.055,1.13,2.8255,0.001,0.0005,0.001500000013038516,16.0
F,0.075,0.055,1.13,2.8255,0.001,0.0005,1.0049999952316284,10.0
F,0.075,0.65,1.13,2.8255,0.001,0.0005,0.001500000013038516,17.0
F,0.075,0.055,1.13,2.8255,0.001,0.0005,0.001500000013038516,10.0
F,0.075,0.65,1.13,2.8255,0.001,0.0005,0.001500000013038516,5.0
F,0.075,0.055,1.13,2.8255,0.001,0.0005,0.001500000013038516,10.0
F,0.075,0.65,1.13,2.8255,0.001,0.0005,0.001500000013038516,16.0
F,0.075,0.65,1.13,2.8255,0.001,0.0005,0.001500000013038516,5.0
F,0.075,0.65,1.13,2.8255,0.001,0.0005,0.001500000013038516,10.0
F,0.075,0.65,1.13,2.8255,0.001,0.0005,0.001500000013038516,10.0
M,0.075,0.65,1.13,2.8255,0.001,0.0005,0.001500000013038516,16.0
F,0.075,0.65,1.13,2.8255,0.001,0.0005,0.001500000013038516,5.0
F,0.815,0.055,1.13,2.8255,0.001,0.0005,0.001500000013038516,10.0
I,0.815,0.055,1.13,2.8255,0.001,0.0005,0.001500000013038516,12.0
I,0.815,0.055,1.13,2.8255,0.001,0.0005,1.0049999952316284,7.0
F,0.815,0.055,1.13,2.8255,0.001,0.0005,0.001500000013038516,12.0
M,0.075,0.65,0.0,2.8255,0.001,0.0005,0.001500000013038516,16.0
F,0.075,0.055,1.13,2.8255,0.001,0.0005,0.001500000013038516,14.0
F,0.075,0.65,1.13,2.8255,0.001,0.0005,0.001500000013038516,16.0
F,0.075,0.65,1.13,2.8255,0.001,0.0005,1.0049999952316284,6.0
F,0.815,0.055,1.13,2.8255,0.001,0.0005,0.001500000013038516,12.0
F,0.075,0.65,1.13,2.8255,0.001,0.0005,0.001500000013038516,17.0
F,0.075,0.65,1.13,2.8255,0.001,0.0005,0.001500000013038516,10.0
F,0.815,0.055,1.13,2.8255,0.001,0.0005,0.001500000013038516,10.0
F,0.075,0.65,1.13,2.8255,0.001,0.0005,0.001500000013038516,10.0
I,0.815,0.055,1.13,2.8255,0.001,0.0005,0.001500000013038516,9.0
F,0.815,0.055,1.13,2.8255,0.001,0.0005,0.001500000013038516,12.0
M,0.075,0.65,1.13,2.8255,0.001,0.0005,0.001500000013038516,16.0
M,0.075,0.65,1.13,2.8255,0.001,0.0005,0.001500000013038516,16.0
I,0.815,0.055,1.13,2.8255,0.001,0.0005,1.0049999952316284,6.0
M,0.075,0.65,0.0,2.8255,0.001,0.0005,0.001500000013038516,16.0
F,0.815,0.055,1.13,2.8255,0.001,0.0005,0.001500000013038516,12.0
F,0.815,0.055,1.13,2.8255,0.001,0.0005,0.001500000013038516,10.0
F,0.815,0.055,1.13,2.8255,0.001,0.0005,0.001500000013038516,12.0
F,0.075,0.055,1.13,2.8255,0.001,0.0005,0.001500000013038516,10.0
F,0.075,0.65,1.13,2.8255,0.001,0.0005,0.001500000013038516,16.0
M,0.815,0.055,1.13,2.8255,0.001,0.0005,0.001500000013038516,18.0
F,0.075,0.65,1.13,2.8255,0.001,0.0005,1.0049999952316284,10.0
F,0.075,0.65,1.13,2.8255,0.001,0.0005,0.001500000013038516,14.0
F,0.075,0.65,1.13,2.8255,0.001,0.0005,0.001500000013038516,10.0
F,0.815,0.055,1.13,2.8255,0.001,0.0005,0.001500000013038516,12.0
F,0.075,0.055,1.13,2.8255,0.001,0.0005,0.001500000013038516,10.0
F,0.075,0.65,1.13,2.8255,0.001,0.0005,1.0049999952316284,6.0
F,0.075,0.65,1.13,2.8255,0.001,0.0005,0.001500000013038516,10.0
M,0.815,0.055,1.13,2.8255,0.001,0.0005,0.001500000013038516,15.0
F,0.075,0.65,1.13,2.8255,0.001,0.0005,0.001500000013038516,17.0
F,0.075,0.65,1.13,2.8255,0.001,0.0005,0.001500000013038516,12.0
F,0.815,0.055,1.13,2.8255,0.001,0.0005,0.001500000013038516,12.0
F,0.815,0.055,1.13,2.8255,0.001,0.0005,0.001500000013038516,12.0
F,0.075,0.65,1.13,2.8255,0.001,0.0005,0.001500000013038516,17.0
F,0.075,0.65,1.13,2.8255,0.001,0.0005,0.001500000013038516,10.0
M,0.075,0.65,1.13,2.8255,0.001,0.0005,0.001500000013038516,16.0
F,0.075,0.65,1.13,2.8255,0.001,0.0005,0.001500000013038516,14.0
F,0.815,0.055,1.13,2.8255,0.001,0.0005,0.001500000013038516,12.0
F,0.075,0.055,1.13,2.8255,0.001,0.0005,0.001500000013038516,12.0
F,0.075,0.055,1.13,2.8255,0.001,0.0005,0.001500000013038516,18.0
F,0.815,0.055,1.13,2.8255,0.001,0.0005,0.001500000013038516,18.0
M,0.075,0.65,1.13,2.8255,0.001,0.0005,0.001500000013038516,16.0
F,0.815,0.055,1.13,2.8255,0.001,0.0005,1.0049999952316284,6.0
F,0.075,0.65,1.13,2.8255,0.001,0.0005,0.001500000013038516,10.0
F,0.075,0.65,1.13,2.8255,0.001,0.0005,1.0049999952316284,6.0
F,0.075,0.65,1.13,2.8255,0.001,0.0005,0.001500000013038516,5.0
F,0.815,0.055,1.13,2.8255,0.001,0.0005,1.0049999952316284,6.0
F,0.075,0.055,1.13,2.8255,0.001,0.0005,0.001500000013038516,14.0
F,0.075,0.65,1.13,2.8255,0.001,0.0005,0.001500000013038516,16.0
F,0.075,0.65,1.13,2.8255,0.001,0.0005,0.001500000013038516,10.0
F,0.075,0.65,1.13,2.8255,0.001,0.0005,0.001500000013038516,10.0
F,0.075,0.65,1.13,2.8255,0.001,0.0005,1.0049999952316284,6.0
F,0.815,0.055,1.13,2.8255,0.001,0.0005,0.001500000013038516,5.0
F,0.075,0.65,1.13,2.8255,0.001,0.0005,0.001500000013038516,10.0
F,0.815,0.055,1.13,2.8255,0.001,0.0005,0.001500000013038516,4.0
F,0.075,0.65,1.13,2.8255,0.001,0.0005,0.001500000013038516,5.0
I,0.815,0.055,0.0,2.8255,0.001,0.0005,1.0049999952316284,9.0
M,0.075,0.65,0.0,2.8255,0.001,0.0005,0.001500000013038516,5.0
F,0.815,0.055,1.13,2.8255,0.001,0.0005,0.001500000013038516,12.0
F,0.075,0.65,1.13,2.8255,0.001,0.0005,0.001500000013038516,10.0
F,0.075,0.65,1.13,2.8255,0.001,0.0005,1.0049999952316284,10.0
F,0.815,0.055,1.13,2.8255,0.001,0.0005,0.001500000013038516,12.0
M,0.075,0.65,0.0,2.8255,0.001,0.0005,0.001500000013038516,5.0
F,0.075,0.65,1.13,2.8255,0.001,0.0005,0.001500000013038516,10.0
F,0.075,0.65,1.13,2.8255,0.001,0.0005,0.001500000013038516,5.0
M,0.075,0.65,1.13,2.8255,0.001,0.0005,0.001500000013038516,16.0
F,0.815,0.055,1.13,2.8255,0.001,0.0005,0.001500000013038516,10.0
F,0.815,0.055,1.13,2.8255,0.001,0.0005,0.001500000013038516,12.0
F,0.075,0.65,1.13,2.8255,0.001,0.0005,0.001500000013038516,10.0
F,0.815,0.055,1.13,2.8255,0.001,0.0005,0.001500000013038516,12.0
F,0.815,0.055,1.13,2.8255,0.001,0.0005,0.001500000013038516,12.0
I,0.815,0.055,0.0,2.8255,0.001,0.0005,0.001500000013038516,12.0
F,0.815,0.055,1.13,2.8255,0.001,0.0005,0.001500000013038516,12.0
M,0.075,0.65,1.13,2.8255,0.001,0.0005,0.001500000013038516,16.0
F,0.075,0.65,1.13,2.8255,0.001,0.0005,0.001500000013038516,16.0
F,0.075,0.65,1.13,2.8255,0.001,0.0005,0.001500000013038516,16.0
F,0.815,0.055,1.13,2.8255,0.001,0.0005,0.001500000013038516,10.0
F,0.075,0.65,1.13,2.8255,0.001,0.0005,0.001500000013038516,10.0
F,0.815,0.055,1.13,2.8255,0.001,0.0005,0.001500000013038516,12.0
F,0.075,0.65,1.13,2.8255,0.001,0.0005,0.001500000013038516,10.0
F,0.815,0.055,1.13,2.8255,0.001,0.0005,0.001500000013038516,12.0
F,0.075,0.65,1.13,2.8255,0.001,0.0005,0.001500000013038516,16.0
M,0.815,0.055,1.13,2.8255,0.001,0.0005,0.001500000013038516,14.0
M,0.815,0.055,1.13,2.8255,0.001,0.0005,0.001500000013038516,18.0
F,0.075,0.055,1.13,2.8255,0.001,0.0005,0.001500000013038516,7.0
F,0.075,0.65,1.13,2.8255,0.001,0.0005,1.0049999952316284,18.0
F,0.075,0.65,1.13,2.8255,0.001,0.0005,0.001500000013038516,16.0
F,0.075,0.65,1.13,2.8255,0.001,0.0005,0.001500000013038516,5.0
F,0.075,0.65,1.13,2.8255,0.001,0.0005,0.001500000013038516,10.0
F,0.075,0.65,1.13,2.8255,0.001,0.0005,0.001500000013038516,10.0
F,0.815,0.055,1.13,2.8255,0.001,0.0005,0.001500000013038516,12.0
F,0.075,0.65,1.13,2.8255,0.001,0.0005,0.001500000013038516,16.0
F,0.815,0.055,1.13,2.8255,0.001,0.0005,0.001500000013038516,18.0
F,0.075,0.65,1.13,2.8255,0.001,0.0005,0.001500000013038516,10.0
F,0.075,0.65,1.13,2.8255,0.001,0.0005,0.001500000013038516,10.0
M,0.815,0.055,0.0,2.8255,0.001,0.0005,0.001500000013038516,14.0
F,0.815,0.055,1.13,2.8255,0.001,0.0005,0.001500000013038516,10.0
F,0.075,0.055,1.13,2.8255,0.001,0.0005,0.001500000013038516,10.0
F,0.075,0.055,1.13,2.8255,0.001,0.0005,1.0049999952316284,10.0
M,0.075,0.055,1.13,2.8255,0.001,0.0005,0.001500000013038516,14.0
F,0.075,0.65,1.13,2.8255,0.001,0.0005,0.001500000013038516,16.0
F,0.815,0.055,1.13,2.8255,0.001,0.0005,0.001500000013038516,5.0
F,0.075,0.65,1.13,2.8255,0.001,0.0005,0.001500000013038516,10.0
F,0.075,0.65,1.13,2.8255,0.001,0.0005,0.001500000013038516,16.0
F,0.075,0.65,1.13,2.8255,0.001,0.0005,0.001500000013038516,10.0
F,0.815,0.055,1.13,2.8255,0.001,0.0005,0.001500000013038516,12.0
F,0.075,0.65,0.0,2.8255,0.001,0.0005,1.0049999952316284,5.0
F,0.075,0.65,1.13,2.8255,0.001,0.0005,0.001500000013038516,10.0
F,0.075,0.65,0.0,2.8255,0.001,0.0005,0.001500000013038516,5.0
F,0.075,0.65,1.13,2.8255,0.001,0.0005,0.001500000013038516,10.0
M,0.815,0.055,1.13,0.002,0.03342781,0.0005,0.001500000013038516,18.0
F,0.815,0.055,1.13,2.8255,0.001,0.0005,0.001500000013038516,12.0
F,0.815,0.055,1.13,2.8255,0.001,0.0005,0.001500000013038516,14.0
F,0.815,0.055,1.13,2.8255,0.001,0.0005,0.001500000013038516,12.0
F,0.075,0.65,1.13,2.8255,0.001,0.0005,0.001500000013038516,5.0
F,0.075,0.055,1.13,2.8255,0.001,0.0005,0.001500000013038516,16.0
M,0.075,0.65,0.0,2.8255,0.001,0.0005,0.001500000013038516,16.0
F,0.075,0.055,1.13,2.8255,0.001,0.0005,0.001500000013038516,12.0
M,0.815,0.055,1.13,2.8255,0.001,0.0005,0.001500000013038516,14.0
M,0.075,0.65,1.13,2.8255,0.001,0.0005,0.001500000013038516,16.0
F,0.075,0.65,1.13,2.8255,0.001,0.0005,1.0049999952316284,6.0
F,0.075,0.65,1.13,2.8255,0.001,0.0005,0.001500000013038516,10.0
F,0.075,0.65,1.13,2.8255,0.001,0.0005,0.001500000013038516,16.0
F,0.815,0.055,1.13,2.8255,0.001,0.0005,0.001500000013038516,10.0
F,0.815,0.055,1.13,2.8255,0.001,0.0005,0.001500000013038516,10.0
I,0.815,0.055,1.13,2.8255,0.001,0.0005,0.001500000013038516,1.0
F,0.075,0.65,0.0,2.8255,0.001,0.0005,0.001500000013038516,5.0
F,0.815,0.055,1.13,2.8255,0.001,0.0005,0.001500000013038516,12.0
F,0.075,0.055,1.13,2.8255,0.001,0.0005,0.001500000013038516,12.0
F,0.075,0.055,1.13,2.8255,0.001,0.0005,0.001500000013038516,14.0
F,0.075,0.65,1.13,2.8255,0.001,0.0005,0.001500000013038516,14.0
F,0.075,0.055,1.13,2.8255,0.001,0.0005,0.001500000013038516,16.0
F,0.815,0.055,1.13,2.8255,0.001,0.0005,0.001500000013038516,12.0
F,0.075,0.65,1.13,2.8255,0.001,0.0005,1.0049999952316284,18.0
F,0.815,0.055,1.13,2.8255,0.001,0.0005,0.001500000013038516,18.0
F,0.815,0.055,1.13,2.8255,0.001,0.0005,0.001500000013038516,12.0
F,0.075,0.055,1.13,2.8255,0.001,0.0005,1.0049999952316284,10.0
F,0.815,0.055,0.0,2.8255,0.001,0.0005,0.001500000013038516,12.0
F,0.815,0.055,1.13,2.8255,0.001,0.0005,0.001500000013038516,12.0
F,0.075,0.65,1.13,2.8255,0.001,0.0005,0.001500000013038516,10.0
F,0.815,0.055,1.13,2.8255,0.001,0.0005,0.001500000013038516,12.0
F,0.815,0.055,1.13,2.8255,0.001,0.0005,0.001500000013038516,12.0
F,0.075,0.65,1.13,2.8255,0.001,0.0005,0.001500000013038516,16.0
F,0.075,0.65,1.13,2.8255,0.001,0.0005,0.001500000013038516,10.0
F,0.075,0.055,1.13,2.8255,0.001,0.0005,0.001500000013038516,10.0
F,0.815,0.055,1.13,2.8255,0.001,0.0005,0.001500000013038516,12.0
F,0.075,0.65,1.13,2.8255,0.001,0.0005,0.001500000013038516,10.0
F,0.815,0.055,1.13,2.8255,0.001,0.0005,0.001500000013038516,12.0
I,0.075,0.055,0.155,2.8255,0.001,0.0005,1.0049999952316284,10.0
F,0.075,0.65,1.13,2.8255,0.001,0.0005,0.001500000013038516,14.0
I,0.075,0.65,0.0,2.8255,0.001,0.0005,1.0049999952316284,18.0
F,0.075,0.055,1.13,2.8255,0.001,0.0005,1.0049999952316284,10.0
F,0.075,0.055,1.13,2.8255,0.001,0.0005,0.001500000013038516,12.0
F,0.075,0.65,1.13,2.8255,0.001,0.0005,0.001500000013038516,16.0
F,0.075,0.055,1.13,2.8255,0.001,0.0005,0.001500000013038516,10.0
M,0.815,0.055,0.0,2.8255,0.001,0.0005,0.001500000013038516,16.0
F,0.815,0.055,1.13,2.8255,0.001,0.0005,0.001500000013038516,12.0
F,0.815,0.055,1.13,2.8255,0.001,0.0005,0.001500000013038516,12.0
F,0.815,0.055,1.13,2.8255,0.001,0.0005,0.001500000013038516,12.0
F,0.815,0.055,1.13,2.8255,0.001,0.0005,0.001500000013038516,14.0
F,0.075,0.055,1.13,2.8255,0.001,0.0005,0.001500000013038516,12.0
M,0.815,0.055,1.13,2.8255,0.001,0.0005,0.001500000013038516,18.0
M,0.075,0.65,1.13,2.8255,0.001,0.0005,0.001500000013038516,16.0
I,0.815,0.055,0.0,2.8255,0.001,0.0005,0.001500000013038516,14.0
F,0.075,0.055,1.13,2.8255,0.001,0.0005,0.001500000013038516,12.0
F,0.075,0.65,1.13,2.8255,0.001,0.0005,0.001500000013038516,5.0
F,0.075,0.055,1.13,2.8255,0.001,0.0005,0.001500000013038516,16.0
F,0.815,0.055,1.13,2.8255,0.001,0.0005,0.001500000013038516,12.0
F,0.075,0.65,1.13,2.8255,0.001,0.0005,0.001500000013038516,16.0
M,0.815,0.055,1.13,2.8255,0.001,0.0005,0.001500000013038516,18.0
F,0.075,0.055,1.13,2.8255,0.001,0.0005,1.0049999952316284,6.0
F,0.815,0.055,1.13,2.8255,0.001,0.0005,0.001500000013038516,12.0
F,0.815,0.055,1.13,2.8255,0.001,0.0005,0.001500000013038516,12.0
F,0.815,0.055,1.13,2.8255,0.001,0.0005,0.001500000013038516,12.0
F,0.075,0.055,1.13,2.8255,0.001,0.0005,0.001500000013038516,12.0
M,0.075,0.65,0.0,2.8255,0.001,0.0005,0.001500000013038516,16.0
F,0.815,0.055,1.13,2.8255,0.001,0.0005,0.001500000013038516,12.0
F,0.815,0.055,1.13,2.8255,0.001,0.0005,0.001500000013038516,5.0
F,0.075,0.055,1.13,2.8255,0.001,0.0005,0.001500000013038516,12.0
F,0.075,0.65,1.13,2.8255,0.001,0.0005,1.0049999952316284,10.0
F,0.815,0.055,1.13,2.8255,0.001,0.0005,0.001500000013038516,12.0
F,0.075,0.65,1.13,2.8255,0.001,0.0005,1.0049999952316284,5.0
F,0.815,0.055,1.13,2.8255,0.001,0.0005,0.001500000013038516,12.0
F,0.075,0.65,1.13,2.8255,0.001,0.0005,0.001500000013038516,5.0
F,0.815,0.055,1.13,2.8255,0.001,0.0005,0.001500000013038516,5.0
F,0.075,0.65,1.13,2.8255,0.001,0.0005,0.001500000013038516,16.0
F,0.075,0.65,1.13,2.8255,0.001,0.0005,0.001500000013038516,10.0
F,0.815,0.055,1.13,2.8255,0.001,0.0005,0.001500000013038516,18.0
F,0.075,0.65,1.13,2.8255,0.001,0.0005,0.001500000013038516,14.0
F,0.075,0.65,1.13,2.8255,0.001,0.0005,0.001500000013038516,10.0
F,0.815,0.055,1.13,2.8255,0.001,0.0005,0.001500000013038516,12.0
F,0.075,0.65,1.13,2.8255,0.001,0.0005,0.001500000013038516,14.0
F,0.815,0.055,1.13,2.8255,0.001,0.0005,1.0049999952316284,18.0
M,0.075,0.055,1.13,2.8255,0.001,0.0005,0.001500000013038516,18.0
F,0.075,0.65,1.13,2.8255,0.001,0.0005,0.001500000013038516,16.0
F,0.075,0.65,1.13,2.8255,0.001,0.0005,0.001500000013038516,17.0
M,0.075,0.055,1.13,2.8255,0.001,0.0005,0.001500000013038516,14.0
F,0.075,0.65,0.0,2.8255,0.001,0.0005,0.001500000013038516,14.0
F,0.075,0.65,1.13,2.8255,0.001,0.0005,0.001500000013038516,14.0
F,0.815,0.055,1.13,2.8255,0.001,0.0005,0.001500000013038516,10.0
M,0.075,0.65,1.13,2.8255,0.001,0.0005,0.001500000013038516,16.0
F,0.075,0.055,1.13,2.8255,0.001,0.0005,0.001500000013038516,12.0
F,0.815,0.055,1.13,2.8255,0.001,0.0005,0.001500000013038516,10.0
F,0.075,0.65,1.13,2.8255,0.001,0.0005,0.001500000013038516,14.0
F,0.075,0.65,1.13,2.8255,0.001,0.0005,0.001500000013038516,10.0
F,0.815,0.055,1.13,2.8255,0.001,0.0005,0.001500000013038516,18.0
I,0.815,0.055,0.0,2.8255,0.001,0.0005,1.0049999952316284,6.0
F,0.075,0.65,1.13,2.8255,0.001,0.0005,0.001500000013038516,16.0
F,0.815,0.055,1.13,2.8255,0.001,0.0005,0.001500000013038516,12.0
F,0.815,0.055,1.13,2.8255,0.001,0.0005,0.001500000013038516,12.0
F,0.815,0.055,1.13,2.8255,0.001,0.0005,0.001500000013038516,16.0
F,0.815,0.055,1.13,2.8255,0.001,0.0005,0.001500000013038516,12.0
F,0.075,0.65,1.13,2.8255,0.001,0.0005,0.001500000013038516,10.0
F,0.815,0.055,1.13,2.8255,0.001,0.0005,0.001500000013038516,12.0
F,0.815,0.055,1.13,2.8255,0.001,0.0005,0.001500000013038516,12.0
F,0.075,0.055,1.13,2.8255,0.001,0.0005,0.001500000013038516,16.0
F,0.815,0.055,1.13,2.8255,0.001,0.0005,0.001500000013038516,12.0
F,0.815,0.055,1.13,2.8255,0.001,0.0005,0.001500000013038516,12.0
F,0.075,0.055,1.13,2.8255,0.001,0.0005,0.001500000013038516,10.0
M,0.815,0.055,1.13,2.8255,0.001,0.0005,0.001500000013038516,4.0
F,0.075,0.65,1.13,2.8255,0.001,0.0005,0.001500000013038516,10.0
M,0.075,0.65,0.0,2.8255,0.001,0.0005,0.001500000013038516,18.0
F,0.075,0.65,0.0023409317,2.8255,0.001,0.0005,1.0049999952316284,6.0
I,0.815,0.055,1.13,2.8255,0.001,0.0005,1.0049999952316284,9.0
F,0.075,0.65,1.13,2.8255,0.001,0.0005,0.001500000013038516,16.0
M,0.075,0.65,0.0,2.8255,0.001,0.0005,0.001500000013038516,16.0
F,0.815,0.055,1.13,2.8255,0.001,0.0005,0.001500000013038516,12.0
M,0.075,0.65,1.13,2.8255,0.001,0.0005,0.001500000013038516,16.0
M,0.075,0.65,0.0,2.8255,0.001,0.0005,0.001500000013038516,18.0
F,0.075,0.65,1.13,2.8255,0.001,0.0005,0.001500000013038516,16.0
F,0.075,0.65,1.13,2.8255,0.001,0.0005,0.001500000013038516,16.0
F,0.815,0.055,1.13,2.8255,0.001,0.0005,0.001500000013038516,12.0
F,0.075,0.65,1.13,2.8255,0.001,0.0005,0.001500000013038516,5.0
F,0.075,0.058226924,1.13,2.8255,0.001,0.0005,1.0049999952316284,6.0
F,0.075,0.65,1.13,2.8255,0.001,0.0005,0.001500000013038516,5.0
F,0.815,0.055,1.13,2.8255,0.001,0.0005,0.001500000013038516,18.0
F,0.075,0.055,1.13,2.8255,0.001,0.0005,0.001500000013038516,10.0
F,0.815,0.055,1.13,2.8255,0.001,0.0005,0.001500000013038516,12.0
F,0.815,0.055,1.13,2.8255,0.001,0.0005,0.001500000013038516,12.0
F,0.075,0.65,1.13,2.8255,0.001,0.0005,1.0049999952316284,10.0
F,0.075,0.055,1.13,2.8255,0.001,0.0005,0.001500000013038516,12.0
M,0.075,0.65,1.13,2.8255,0.001,0.0005,0.001500000013038516,16.0
F,0.075,0.055,1.13,2.8255,0.001,0.0005,0.001500000013038516,10.0
F,0.815,0.055,1.13,2.8255,0.001,0.0005,0.001500000013038516,12.0
F,0.815,0.055,1.13,2.8255,0.001,0.0005,0.001500000013038516,12.0
M,0.075,0.65,0.0,2.8255,0.001,0.0005,0.001500000013038516,16.0
F,0.815,0.055,1.13,2.8255,0.001,0.0005,0.001500000013038516,12.0
F,0.075,0.65,1.13,2.8255,0.001,0.0005,0.001500000013038516,10.0
F,0.815,0.055,1.13,2.8255,0.001,0.0005,0.001500000013038516,12.0
M,0.075,0.65,1.13,2.8255,0.001,0.0005,0.001500000013038516,14.0
F,0.075,0.65,1.13,2.8255,0.001,0.0005,0.001500000013038516,16.0
F,0.075,0.65,1.13,2.8255,0.001,0.0005,0.001500000013038516,10.0
F,0.815,0.055,1.13,2.8255,0.001,0.0005,0.001500000013038516,14.0
F,0.815,0.055,1.13,2.8255,0.001,0.0005,0.001500000013038516,12.0
F,0.075,0.055,1.13,2.8255,0.001,0.0005,0.001500000013038516,12.0
F,0.815,0.055,1.13,2.8255,0.001,0.0005,0.001500000013038516,14.0
F,0.075,0.65,1.13,2.8255,0.001,0.0005,0.001500000013038516,17.0
F,0.075,0.65,0.0,2.8255,0.001,0.0005,0.001500000013038516,14.0
F,0.075,0.65,1.13,2.8255,0.001,0.0005,0.001500000013038516,10.0
F,0.075,0.65,1.13,2.8255,0.001,0.0005,0.001500000013038516,10.0
F,0.815,0.055,1.13,2.8255,0.001,0.0005,0.001500000013038516,12.0
F,0.815,0.055,1.13,2.8255,0.001,0.0005,0.001500000013038516,14.0
F,0.815,0.055,1.13,2.8255,0.001,0.0005,0.001500000013038516,12.0
F,0.815,0.055,1.13,2.8255,0.001,0.0005,0.001500000013038516,12.0
F,0.075,0.65,0.0,2.8255,0.001,0.0005,0.001500000013038516,5.0
F,0.815,0.055,1.13,2.8255,0.001,0.0005,0.001500000013038516,12.0
M,0.075,0.65,0.0,2.8255,0.001,0.0005,0.001500000013038516,16.0
F,0.075,0.65,1.13,2.8255,0.001,0.0005,0.001500000013038516,5.0
F,0.075,0.055,1.13,2.8255,0.001,0.0005,0.001500000013038516,10.0
M,0.815,0.055,1.13,2.8255,0.001,0.0005,0.001500000013038516,18.0
F,0.815,0.055,1.13,2.8255,0.001,0.0005,0.001500000013038516,5.0
F,0.815,0.055,1.13,2.8255,0.001,0.0005,0.001500000013038516,12.0
F,0.075,0.65,1.13,2.8255,0.001,0.0005,0.001500000013038516,16.0
F,0.075,0.055,1.13,2.8255,0.001,0.0005,1.0049999952316284,6.0
F,0.075,0.65,1.13,2.8255,0.001,0.0005,0.001500000013038516,10.0
F,0.075,0.055,1.13,2.8255,0.001,0.0005,0.001500000013038516,12.0
I,0.815,0.055,1.13,2.8255,0.001,0.0005,0.001500000013038516,1.0
I,0.815,0.055,1.13,2.8255,0.001,0.0005,0.001500000013038516,18.0
F,0.075,0.055,1.13,2.8255,0.001,0.0005,0.001500000013038516,10.0
F,0.075,0.055,1.13,2.8255,0.001,0.0005,0.001500000013038516,10.0
F,0.075,0.055,1.13,2.8255,0.001,0.0005,0.001500000013038516,12.0
F,0.815,0.055,1.13,2.8255,0.001,0.0005,0.001500000013038516,12.0
F,0.815,0.055,1.13,2.8255,0.001,0.0005,0.001500000013038516,10.0
F,0.075,0.055,1.13,2.8255,0.001,0.0005,0.001500000013038516,12.0
F,0.815,0.055,1.13,2.8255,0.001,0.0005,0.001500000013038516,12.0
F,0.075,0.055,1.13,2.8255,0.001,0.0005,0.001500000013038516,10.0
F,0.075,0.65,1.13,2.8255,0.001,0.0005,1.0049999952316284,10.0
F,0.075,0.055,1.13,2.8255,0.001,0.0005,0.001500000013038516,12.0
F,0.075,0.65,1.13,2.8255,0.001,0.0005,0.001500000013038516,5.0
M,0.075,0.65,1.13,2.8255,0.001,0.0005,0.001500000013038516,16.0
F,0.815,0.055,1.13,2.8255,0.001,0.0005,0.001500000013038516,12.0
F,0.075,0.65,1.13,2.8255,0.001,0.0005,0.001500000013038516,5.0
F,0.815,0.055,1.13,2.8255,0.001,0.0005,0.001500000013038516,12.0
F,0.815,0.055,1.13,2.8255,0.001,0.0005,0.001500000013038516,12.0
F,0.075,0.65,1.13,2.8255,0.001,0.0005,0.001500000013038516,10.0
F,0.075,0.055,1.13,2.8255,0.001,0.0005,0.001500000013038516,10.0
F,0.815,0.055,1.13,2.8255,0.001,0.0005,0.001500000013038516,12.0
F,0.815,0.055,1.13,2.8255,0.001,0.0005,0.001500000013038516,12.0
F,0.075,0.055,1.13,2.8255,0.001,0.0005,0.001500000013038516,14.0
F,0.075,0.65,0.0,2.8255,0.001,0.0005,1.0049999952316284,18.0
F,0.075,0.65,1.13,2.8255,0.001,0.0005,0.001500000013038516,10.0
F,0.075,0.055,1.13,2.8255,0.001,0.0005,1.0049999952316284,6.0
F,0.075,0.65,0.0,2.8255,0.001,0.0005,1.0049999952316284,5.0
F,0.815,0.055,1.13,2.8255,0.001,0.0005,0.001500000013038516,5.0
M,0.815,0.055,1.13,2.8255,0.001,0.0005,0.001500000013038516,18.0
F,0.075,0.65,1.13,2.8255,0.001,0.0005,0.001500000013038516,10.0
F,0.815,0.055,1.13,2.8255,0.001,0.0005,0.001500000013038516,12.0
F,0.075,0.65,1.13,2.8255,0.001,0.0005,0.001500000013038516,13.0
M,0.815,0.055,1.13,2.8255,0.001,0.0005,0.001500000013038516,14.0
F,0.075,0.65,1.13,2.8255,0.001,0.0005,0.001500000013038516,18.0
F,0.815,0.055,1.13,2.8255,0.001,0.0005,0.001500000013038516,12.0
F,0.075,0.65,1.13,2.8255,0.001,0.0005,0.001500000013038516,16.0
F,0.075,0.65,1.13,2.8255,0.001,0.0005,0.001500000013038516,16.0
I,0.815,0.055,0.0,2.8255,0.001,0.0005,0.001500000013038516,9.0
F,0.075,0.055,1.13,2.8255,0.001,0.0005,0.001500000013038516,12.0
F,0.815,0.055,1.13,2.8255,0.001,0.0005,0.001500000013038516,12.0
M,0.075,0.65,1.13,2.8255,0.001,0.0005,0.001500000013038516,4.0
F,0.815,0.055,1.13,2.8255,0.001,0.0005,0.001500000013038516,12.0
M,0.075,0.65,1.13,2.8255,0.001,0.0005,0.001500000013038516,16.0
F,0.075,0.65,1.13,2.8255,0.001,0.0005,0.001500000013038516,16.0
F,0.075,0.65,1.13,2.8255,0.001,0.0005,0.001500000013038516,14.0
M,0.075,0.65,1.13,2.8255,0.001,0.0005,0.001500000013038516,16.0
F,0.815,0.055,1.13,2.8255,0.001,0.0005,0.001500000013038516,12.0
F,0.815,0.055,1.13,2.8255,0.001,0.0005,0.001500000013038516,12.0
F,0.815,0.055,1.13,2.8255,0.001,0.0005,0.001500000013038516,14.0
F,0.075,0.65,1.13,2.8255,0.001,0.0005,0.001500000013038516,10.0
F,0.075,0.65,1.13,2.8255,0.001,0.0005,0.001500000013038516,5.0
F,0.075,0.65,0.0,2.8255,0.001,0.0005,0.001500000013038516,5.0
I,0.815,0.055,1.13,2.8255,0.001,0.0005,0.001500000013038516,14.0
F,0.815,0.055,1.13,2.8255,0.001,0.0005,0.001500000013038516,12.0
F,0.815,0.055,1.13,2.8255,0.001,0.0005,0.001500000013038516,12.0
F,0.815,0.055,1.13,2.8255,0.001,0.0005,0.001500000013038516,12.0
I,0.815,0.055,0.0,2.8255,0.001,0.0005,1.0049999952316284,9.0
F,0.075,0.65,1.13,0.04184193,0.001,0.0005,0.001500000013038516,16.0
F,0.815,0.055,1.13,2.8255,0.001,0.0005,0.001500000013038516,12.0
F,0.075,0.055,1.13,2.8255,0.001,0.0005,0.001500000013038516,16.0
M,0.815,0.055,0.0,2.8255,0.001,0.0005,0.001500000013038516,14.0
F,0.815,0.055,1.13,2.8255,0.001,0.0005,0.001500000013038516,12.0
F,0.075,0.65,1.13,2.8255,0.001,0.0005,0.001500000013038516,10.0
F,0.075,0.65,1.13,2.8255,0.001,0.0005,0.001500000013038516,14.0
F,0.075,0.65,1.13,2.8255,0.001,0.0005,0.001500000013038516,16.0
F,0.815,0.055,1.13,2.8255,0.001,0.0005,0.001500000013038516,6.0
F,0.815,0.055,1.13,2.8255,0.001,0.0005,0.001500000013038516,12.0
F,0.075,0.65,1.13,2.8255,0.001,0.0005,0.001500000013038516,10.0
F,0.815,0.055,1.13,2.8255,0.001,0.0005,0.001500000013038516,12.0
F,0.815,0.055,1.13,2.8255,0.001,0.0005,0.001500000013038516,12.0
F,0.075,0.65,1.13,2.8255,0.001,0.0005,0.001500000013038516,10.0
F,0.815,0.055,1.13,2.8255,0.001,0.0005,0.001500000013038516,12.0
F,0.815,0.055,1.13,2.8255,0.001,0.0005,0.001500000013038516,12.0
F,0.815,0.055,1.13,2.8255,0.001,0.0005,0.001500000013038516,12.0
I,0.815,0.055,1.13,2.8255,0.001,0.0005,0.001500000013038516,9.0
F,0.815,0.055,1.13,2.8255,0.001,0.0005,0.001500000013038516,10.0
F,0.075,0.65,1.13,2.8255,0.001,0.0005,0.001500000013038516,10.0
F,0.815,0.055,1.13,2.8255,0.001,0.0005,0.001500000013038516,12.0
I,0.815,0.055,0.0,2.8255,0.001,0.0005,1.0049999952316284,6.0
F,0.075,0.65,1.13,2.8255,0.001,0.0005,0.001500000013038516,10.0
