Sex,Length,Diameter,Height,Whole weight,Shucked weight,Viscera weight,Shell weight,Rings
F,0.815,0.055,1.13,2.8255,0.001,0.0005,0.001500000013038516,12.0
F,0.075,0.65,1.13,2.8255,0.001,0.0005,0.001500000013038516,10.0
F,0.075,0.055,1.13,2.8255,0.001,0.0005,0.001500000013038516,12.0
M,0.075,0.65,0.0,2.8255,0.001,0.0005,1.0049999952316284,15.0
I,0.815,0.055,0.0,2.8255,0.001,0.0005,0.001500000013038516,12.0
F,0.075,0.055,1.13,2.8255,0.001,0.0005,0.001500000013038516,10.0
M,0.075,0.65,0.0,2.8255,0.001,0.0005,0.001500000013038516,5.0
F,0.075,0.055,1.13,2.8255,0.001,0.0005,0.001500000013038516,10.0
M,0.075,0.65,1.13,2.8255,0.001,0.0005,0.001500000013038516,16.0
F,0.075,0.65,1.13,2.8255,0.001,0.0005,0.001500000013038516,17.0
F,0.815,0.055,1.13,2.8255,0.001,0.0005,0.001500000013038516,12.0
F,0.815,0.055,1.13,2.8255,0.001,0.0005,0.001500000013038516,12.0
F,0.075,0.65,1.13,2.8255,0.001,0.0005,0.001500000013038516,16.0
F,0.075,0.65,1.13,2.8255,0.001,0.0005,0.001500000013038516,10.0
F,0.075,0.65,0.0,2.8255,0.001,0.0005,1.0049999952316284,18.0
F,0.815,0.055,1.13,2.8255,0.001,0.0005,0.001500000013038516,12.0
M,0.075,0.65,0.0,2.8255,0.001,0.0005,0.001500000013038516,16.0
F,0.075,0.65,1.13,2.8255,0.001,0.0005,0.001500000013038516,10.0
F,0.075,0.65,1.13,2.8255,0.001,0.0005,0.001500000013038516,16.0
F,0.815,0.055,1.13,2.8255,0.001,0.0005,0.001500000013038516,18.0
F,0.815,0.055,1.13,2.8255,0.001,0.0005,0.001500000013038516,18.0
F,0.815,0.055,1.13,2.8255,0.001,0.0005,0.001500000013038516,12.0
F,0.815,0.055,1.13,2.8255,0.001,0.0005,0.001500000013038516,12.0
M,0.075,0.65,1.13,2.8255,0.001,0.0005,0.001500000013038516,16.0
F,0.075,0.65,1.13,2.8255,0.001,0.0005,0.001500000013038516,16.0
I,0.075,0.65,0.0,2.8255,0.001,0.0005,1.0049999952316284,6.0
F,0.815,0.055,1.13,2.8255,0.001,0.0005,0.001500000013038516,18.0
F,0.075,0.65,1.13,2.8255,0.001,0.0005,0.001500000013038516,5.0
F,0.815,0.055,1.13,2.8255,0.001,0.0005,0.001500000013038516,12.0
F,0.075,0.65,1.13,2.8255,0.001,0.0005,0.001500000013038516,10.0
F,0.075,0.65,1.13,2.8255,0.001,0.0005,0.001500000013038516,5.0
F,0.075,0.055,1.13,2.8255,0.001,0.0005,1.0049999952316284,6.0
F,0.075,0.055,1.13,2.8255,0.001,0.0005,0.001500000013038516,10.0
F,0.075,0.65,1.13,2.8255,0.001,0.0005,0.001500000013038516,10.0
F,0.075,0.055,1.13,2.8255,0.001,0.0005,0.001500000013038516,14.0
F,0.075,0.055,1.13,2.8255,0.001,0.0005,1.0049999952316284,7.0
I,0.815,0.055,0.0,2.8255,0.001,0.0005,1.0049999952316284,6.0
F,0.075,0.65,1.13,2.8255,0.001,0.0005,0.001500000013038516,10.0
F,0.075,0.65,1.13,2.8255,0.001,0.0005,0.001500000013038516,10.0
F,0.815,0.055,1.13,2.8255,0.001,0.0005,0.001500000013038516,18.0
F,0.075,0.055,1.13,2.8255,0.001,0.0005,0.001500000013038516,12.0
F,0.075,0.055,1.13,2.8255,0.001,0.0005,0.001500000013038516,10.0
I,0.815,0.055,0.0,2.8255,0.001,0.0005,1.0049999952316284,9.0
F,0.815,0.055,1.13,2.8255,0.001,0.0005,0.001500000013038516,14.0
F,0.075,0.65,1.13,2.8255,0.001,0.0005,0.001500000013038516,16.0
F,0.075,0.65,1.13,2.8255,0.001,0.0005,1.0049999952316284,6.0
F,0.075,0.055,1.13,2.8255,0.001,0.0005,0.001500000013038516,12.0
F,0.075,0.65,1.13,2.8255,0.001,0.0005,0.001500000013038516,10.0
F,0.075,0.055,1.13,2.8255,0.001,0.0005,0.001500000013038516,14.0
F,0.075,0.65,1.13,2.8255,0.001,0.0005,0.001500000013038516,10.0
F,0.075,0.055,1.13,2.8255,0.001,0.0005,0.001500000013038516,10.0
F,0.815,0.055,1.13,2.8255,0.001,0.0005,0.001500000013038516,10.0
F,0.075,0.055,1.13,2.8255,0.001,0.0005,0.001500000013038516,10.0
F,0.815,0.055,1.13,2.8255,0.001,0.0005,0.001500000013038516,12.0
F,0.075,0.65,1.13,2.8255,0.001,0.0005,0.001500000013038516,16.0
F,0.815,0.055,1.13,2.8255,0.001,0.0005,0.001500000013038516,12.0
M,0.075,0.65,1.13,2.8255,0.001,0.0005,0.001500000013038516,16.0
F,0.075,0.65,1.13,2.8255,0.001,0.0005,0.001500000013038516,10.0
F,0.075,0.65,1.13,2.8255,0.001,0.0005,0.001500000013038516,16.0
F,0.075,0.055,1.13,2.8255,0.001,0.0005,0.001500000013038516,10.0
F,0.075,0.65,1.13,2.8255,0.001,0.0005,0.001500000013038516,10.0
F,0.075,0.055,1.13,2.8255,0.001,0.0005,0.001500000013038516,10.0
F,0.075,0.65,0.0,2.8255,0.001,0.0005,1.0049999952316284,6.0
F,0.075,0.65,1.13,2.8255,0.001,0.0005,0.001500000013038516,16.0
F,0.815,0.055,1.13,2.8255,0.001,0.0005,0.001500000013038516,12.0
F,0.075,0.65,1.13,2.8255,0.001,0.0005,0.001500000013038516,12.0
F,0.815,0.055,1.13,2.8255,0.001,0.0005,0.001500000013038516,12.0
M,0.51549006,0.055,1.13,2.8255,0.001,0.0005,0.001500000013038516,14.0
F,0.075,0.65,1.13,2.8255,0.001,0.0005,0.001500000013038516,5.0
F,0.075,0.055,1.13,2.8255,0.001,0.0005,0.001500000013038516,16.0
F,0.075,0.65,1.13,2.8255,0.001,0.0005,0.001500000013038516,16.0
F,0.075,0.65,1.13,2.8255,0.001,0.0005,0.001500000013038516,17.0
M,0.815,0.055,1.13,2.8255,0.001,0.0005,0.001500000013038516,18.0
I,0.815,0.055,0.0,2.8255,0.001,0.0005,0.001500000013038516,9.0
F,0.075,0.055,1.13,2.8255,0.001,0.0005,0.001500000013038516,10.0
F,0.815,0.055,1.13,2.8255,0.001,0.0005,0.001500000013038516,18.0
F,0.075,0.65,1.13,2.8255,0.001,0.0005,0.001500000013038516,5.0
M,0.075,0.65,1.13,2.8255,0.001,0.0005,0.001500000013038516,16.0
F,0.075,0.65,1.13,2.8255,0.001,0.0005,0.001500000013038516,16.0
F,0.075,0.65,1.13,2.8255,0.001,0.0005,0.001500000013038516,5.0
M,0.815,0.055,1.13,2.8255,0.001,0.0005,0.001500000013038516,16.0
F,0.075,0.65,1.13,2.8255,0.001,0.0005,1.0049999952316284,6.0
F,0.075,0.055,1.13,2.8255,0.001,0.0005,1.0049999952316284,10.0
F,0.075,0.65,1.13,2.8255,0.001,0.0005,0.001500000013038516,16.0
F,0.075,0.055,1.13,2.8255,0.001,0.0005,1.0049999952316284,10.0
F,0.075,0.65,1.13,2.8255,0.001,0.0005,0.001500000013038516,10.0
F,0.075,0.65,1.13,2.8255,0.001,0.0005,0.001500000013038516,10.0
F,0.075,0.65,1.13,2.8255,0.001,0.0005,0.001500000013038516,14.0
F,0.815,0.055,1.13,2.8255,0.001,0.0005,0.001500000013038516,12.0
F,0.815,0.055,1.13,2.8255,0.001,0.0005,0.001500000013038516,12.0
F,0.815,0.055,1.13,2.8255,0.001,0.0005,0.001500000013038516,12.0
M,0.815,0.055,1.13,2.8255,0.001,0.0005,0.001500000013038516,16.0
F,0.815,0.055,1.13,2.8255,0.001,0.0005,0.001500000013038516,5.0
F,0.075,0.65,1.13,2.8255,0.001,0.0005,0.001500000013038516,14.0
F,0.815,0.055,1.13,2.8255,0.001,0.0005,0.001500000013038516,12.0
F,0.075,0.65,1.13,2.8255,0.001,0.0005,0.001500000013038516,10.0
F,0.075,0.65,1.13,2.8255,0.001,0.0005,0.001500000013038516,16.0
F,0.075,0.65,1.13,2.8255,0.001,0.0005,0.001500000013038516,16.0
F,0.815,0.055,1.13,2.8255,0.001,0.0005,1.0049999952316284,6.0
F,0.075,0.65,1.13,2.8255,0.001,0.0005,0.001500000013038516,10.0
F,0.815,0.055,1.13,2.8255,0.001,0.0005,0.001500000013038516,10.0
F,0.075,0.65,1.13,2.8255,0.001,0.0005,0.001500000013038516,10.0
F,0.815,0.055,1.13,2.8255,0.001,0.0005,0.001500000013038516,12.0
F,0.075,0.65,1.13,2.8255,0.001,0.0005,0.001500000013038516,10.0
F,0.815,0.055,1.13,2.8255,0.001,0.0005,0.001500000013038516,12.0
M,0.815,0.055,1.13,2.8255,0.001,0.0005,0.001500000013038516,18.0
F,0.815,0.055,1.13,2.8255,0.001,0.0005,0.001500000013038516,12.0
F,0.075,0.65,1.13,2.8255,0.001,0.0005,0.001500000013038516,14.0
F,0.815,0.055,1.13,2.8255,0.001,0.0005,0.001500000013038516,12.0
M,0.815,0.055,1.13,2.8255,0.001,0.0005,0.001500000013038516,14.0
F,0.815,0.055,1.13,2.8255,0.001,0.0005,0.001500000013038516,12.0
F,0.815,0.055,1.13,2.8255,0.001,0.0005,0.001500000013038516,10.0
F,0.075,0.65,0.0,2.8255,0.001,0.0005,1.0049999952316284,18.0
F,0.075,0.65,1.13,2.8255,0.001,0.0005,0.001500000013038516,10.0
F,0.075,0.65,1.13,2.8255,0.001,0.0005,0.001500000013038516,5.0
F,0.075,0.65,1.13,2.8255,0.001,0.0005,1.0049999952316284,10.0
F,0.815,0.055,1.13,2.8255,0.001,0.0005,0.001500000013038516,12.0
F,0.815,0.055,1.13,2.8255,0.001,0.0005,0.001500000013038516,12.0
F,0.815,0.055,1.13,2.8255,0.001,0.0005,0.001500000013038516,12.0
M,0.815,0.055,0.0,2.8255,0.001,0.0005,0.001500000013038516,16.0
M,0.075,0.65,0.0,2.8255,0.001,0.0005,0.001500000013038516,16.0
M,0.815,0.055,0.0,2.8255,0.001,0.0005,0.001500000013038516,16.0
F,0.815,0.055,1.13,2.8255,0.001,0.0005,0.001500000013038516,10.0
F,0.815,0.055,1.13,2.8255,0.001,0.0005,0.001500000013038516,12.0
F,0.815,0.055,1.13,2.8255,0.001,0.0005,1.0049999952316284,7.0
F,0.815,0.055,1.13,2.8255,0.001,0.0005,0.001500000013038516,12.0
F,0.075,0.65,1.13,2.8255,0.001,0.0005,0.001500000013038516,10.0
F,0.815,0.055,1.13,2.8255,0.001,0.0005,0.001500000013038516,12.0
M,0.075,0.65,1.13,2.8255,0.001,0.0005,0.001500000013038516,14.0
F,0.815,0.055,1.13,2.8255,0.001,0.0005,0.001500000013038516,12.0
F,0.075,0.65,1.13,2.8255,0.001,0.0005,0.001500000013038516,14.0
M,0.815,0.055,1.13,2.8255,0.001,0.0005,0.001500000013038516,18.0
F,0.075,0.65,1.13,2.8255,0.001,0.0005,0.001500000013038516,10.0
F,0.075,0.65,1.13,2.8255,0.001,0.0005,0.001500000013038516,10.0
F,0.075,0.055,1.13,2.8255,0.001,0.0005,0.001500000013038516,12.0
F,0.075,0.65,0.135,2.8255,0.001,0.0005,1.0049999952316284,6.0
F,0.075,0.055,1.13,2.8255,0.001,0.0005,0.001500000013038516,10.0
I,0.075,0.65,0.0,2.8255,0.001,0.0005,1.0049999952316284,7.0
F,0.075,0.65,1.13,2.8255,0.001,0.0005,0.001500000013038516,16.0
F,0.075,0.65,1.13,2.8255,0.001,0.0005,0.001500000013038516,16.0
F,0.075,0.65,0.0,2.8255,0.001,0.0005,1.0049999952316284,15.0
M,0.075,0.65,0.0,2.8255,0.001,0.0005,0.001500000013038516,16.0
F,0.075,0.055,1.13,2.8255,0.001,0.0005,0.001500000013038516,10.0
M,0.075,0.65,0.0,2.8255,0.001,0.0005,0.001500000013038516,15.0
F,0.075,0.055,1.13,2.8255,0.001,0.0005,0.001500000013038516,12.0
F,0.815,0.055,1.13,2.8255,0.001,0.0005,0.001500000013038516,12.0
F,0.815,0.055,1.13,2.8255,0.001,0.0005,0.001500000013038516,12.0
F,0.075,0.65,1.13,2.8255,0.001,0.0005,0.001500000013038516,10.0
F,0.075,0.65,1.13,2.8255,0.001,0.0005,0.001500000013038516,16.0
F,0.075,0.055,1.13,2.8255,0.001,0.0005,0.001500000013038516,12.0
F,0.075,0.055,1.13,2.8255,0.001,0.0005,0.001500000013038516,10.0
F,0.075,0.055,1.13,2.8255,0.001,0.0005,1.0049999952316284,7.0
F,0.815,0.055,1.13,2.8255,0.001,0.0005,0.001500000013038516,12.0
F,0.815,0.055,1.13,2.8255,0.001,0.0005,0.001500000013038516,12.0
F,0.815,0.055,1.13,2.8255,0.001,0.0005,0.001500000013038516,12.0
F,0.075,0.65,1.13,2.8255,0.001,0.0005,0.001500000013038516,10.0
F,0.075,0.055,1.13,2.8255,0.001,0.0005,0.001500000013038516,12.0
M,0.075,0.65,0.0,2.8255,0.001,0.0005,0.001500000013038516,16.0
F,0.075,0.65,1.13,2.8255,0.001,0.0005,0.001500000013038516,10.0
F,0.075,0.65,1.13,2.8255,0.001,0.0005,0.001500000013038516,10.0
F,0.075,0.055,1.13,2.8255,0.001,0.0005,0.001500000013038516,10.0
F,0.075,0.055,1.13,2.8255,0.001,0.0005,0.001500000013038516,16.0
F,0.075,0.65,1.13,2.8255,0.001,0.0005,0.001500000013038516,14.0
F,0.075,0.055,1.13,2.8255,0.001,0.0005,0.001500000013038516,16.0
F,0.075,0.65,1.13,2.8255,0.001,0.0005,0.001500000013038516,14.0
F,0.815,0.055,1.13,2.8255,0.001,0.0005,0.001500000013038516,12.0
M,0.815,0.055,1.13,2.8255,0.001,0.0005,0.001500000013038516,14.0
F,0.075,0.65,1.13,2.8255,0.001,0.0005,0.001500000013038516,10.0
F,0.075,0.055,1.13,2.8255,0.001,0.0005,0.001500000013038516,10.0
F,0.075,0.65,1.13,2.8255,0.001,0.0005,1.0049999952316284,6.0
F,0.075,0.65,1.13,2.8255,0.001,0.0005,0.001500000013038516,10.0
M,0.075,0.65,0.0,2.8255,0.001,0.0005,0.001500000013038516,16.0
F,0.075,0.055,1.13,2.8255,0.001,0.0005,0.001500000013038516,12.0
F,0.815,0.055,1.13,2.8255,0.001,0.0005,0.001500000013038516,12.0
F,0.075,0.65,1.13,2.8255,0.001,0.0005,0.001500000013038516,16.0
F,0.815,0.055,1.13,2.8255,0.001,0.0005,0.001500000013038516,12.0
F,0.815,0.055,1.13,2.8255,0.001,0.0005,0.001500000013038516,10.0
M,0.815,0.055,1.13,2.8255,0.001,0.0005,0.001500000013038516,14.0
F,0.075,0.65,1.13,2.8255,0.001,0.0005,0.001500000013038516,14.0
F,0.075,0.65,1.13,2.8255,0.001,0.0005,0.001500000013038516,16.0
F,0.075,0.055,1.13,2.8255,0.001,0.0005,0.001500000013038516,10.0
F,0.815,0.055,1.13,2.8255,0.001,0.0005,1.0049999952316284,6.0
F,0.815,0.055,1.13,2.8255,0.001,0.0005,0.001500000013038516,16.0
F,0.075,0.055,1.13,2.8255,0.001,0.0005,0.001500000013038516,12.0
F,0.075,0.65,1.13,2.8255,0.001,0.0005,0.001500000013038516,16.0
F,0.815,0.055,1.13,2.8255,0.001,0.0005,0.001500000013038516,12.0
F,0.075,0.65,1.13,2.8255,0.001,0.0005,0.001500000013038516,10.0
F,0.075,0.65,1.13,2.8255,0.001,0.0005,0.001500000013038516,10.0
F,0.815,0.055,1.13,2.8255,0.001,0.0005,0.001500000013038516,12.0
F,0.815,0.055,1.13,2.8255,0.001,0.0005,0.001500000013038516,12.0
F,0.075,0.055,1.13,2.8255,0.001,0.0005,0.001500000013038516,10.0
F,0.815,0.055,1.13,2.8255,0.001,0.0005,0.001500000013038516,12.0
F,0.815,0.055,1.13,2.8255,0.001,0.0005,0.001500000013038516,12.0
F,0.815,0.055,1.13,2.8255,0.001,0.0005,0.001500000013038516,12.0
F,0.075,0.65,1.13,2.8255,0.001,0.0005,0.001500000013038516,10.0
I,0.815,0.055,1.13,2.8255,0.001,0.0005,0.001500000013038516,9.0
F,0.075,0.65,1.13,2.8255,0.001,0.0005,0.001500000013038516,16.0
F,0.075,0.055,1.13,2.8255,0.001,0.0005,0.001500000013038516,14.0
F,0.075,0.65,1.13,2.8255,0.001,0.0005,0.001500000013038516,16.0
M,0.075,0.65,1.13,2.8255,0.001,0.0005,0.001500000013038516,16.0
F,0.075,0.65,1.13,2.8255,0.001,0.0005,0.001500000013038516,10.0
F,0.075,0.055,1.13,2.8255,0.001,0.0005,0.001500000013038516,14.0
F,0.075,0.65,1.13,2.8255,0.001,0.0005,1.0049999952316284,10.0
F,0.815,0.055,1.13,2.8255,0.001,0.0005,0.001500000013038516,12.0
F,0.815,0.055,1.13,2.8255,0.001,0.0005,0.001500000013038516,12.0
F,0.075,0.055,1.13,2.8255,0.001,0.0005,0.001500000013038516,12.0
F,0.075,0.65,1.13,2.8255,0.001,0.0005,0.001500000013038516,10.0
F,0.815,0.055,1.13,2.8255,0.001,0.0005,0.001500000013038516,12.0
F,0.815,0.055,1.13,2.8255,0.001,0.0005,0.001500000013038516,18.0
F,0.075,0.055,1.13,2.8255,0.001,0.0005,0.001500000013038516,10.0
I,0.815,0.055,1.13,2.8255,0.001,0.0005,0.001500000013038516,18.0
F,0.075,0.055,1.13,2.8255,0.001,0.0005,1.0049999952316284,6.0
F,0.075,0.65,1.13,2.8255,0.001,0.0005,0.001500000013038516,10.0
F,0.815,0.055,1.13,2.8255,0.001,0.0005,0.001500000013038516,12.0
M,0.815,0.055,1.13,2.8255,0.001,0.0005,0.001500000013038516,16.0
F,0.075,0.65,1.13,2.8255,0.001,0.0005,0.001500000013038516,10.0
F,0.075,0.65,1.13,2.8255,0.001,0.0005,0.001500000013038516,10.0
F,0.815,0.055,1.13,2.8255,0.001,0.0005,0.001500000013038516,12.0
F,0.075,0.65,1.13,2.8255,0.001,0.0005,0.001500000013038516,10.0
I,0.815,0.055,1.13,2.8255,0.001,0.0005,0.001500000013038516,10.0
F,0.075,0.65,1.13,2.8255,0.001,0.0005,0.001500000013038516,5.0
F,0.815,0.055,1.13,2.8255,0.001,0.0005,0.001500000013038516,10.0
F,0.075,0.65,1.13,2.8255,0.001,0.0005,0.001500000013038516,10.0
M,0.815,0.055,1.13,2.8255,0.001,0.0005,0.001500000013038516,18.0
F,0.075,0.65,1.13,2.8255,0.001,0.0005,1.0049999952316284,10.0
F,0.075,0.65,1.13,2.8255,0.001,0.0005,0.001500000013038516,17.0
F,0.075,0.65,1.13,2.8255,0.001,0.0005,0.001500000013038516,16.0
F,0.075,0.65,1.13,2.8255,0.001,0.0005,0.001500000013038516,10.0
F,0.815,0.055,1.13,2.8255,0.001,0.0005,0.001500000013038516,12.0
F,0.075,0.65,1.13,2.8255,0.001,0.0005,0.001500000013038516,18.0
F,0.815,0.055,1.13,2.8255,0.001,0.0005,0.001500000013038516,12.0
F,0.815,0.055,1.13,2.8255,0.001,0.0005,0.001500000013038516,10.0
F,0.075,0.65,1.13,2.8255,0.001,0.0005,0.001500000013038516,16.0
F,0.815,0.055,1.13,2.8255,0.001,0.0005,0.001500000013038516,18.0
F,0.815,0.055,1.13,2.8255,0.001,0.0005,0.001500000013038516,12.0
M,0.815,0.055,1.13,2.8255,0.001,0.0005,0.001500000013038516,14.0
F,0.075,0.65,1.13,2.8255,0.001,0.0005,0.001500000013038516,10.0
F,0.815,0.055,1.13,2.8255,0.001,0.0005,0.001500000013038516,12.0
I,0.815,0.055,0.0,2.8255,0.001,0.0005,0.001500000013038516,9.0
F,0.075,0.055,1.13,2.8255,0.001,0.0005,0.001500000013038516,12.0
I,0.815,0.055,1.13,2.8255,0.001,0.0005,0.001500000013038516,9.0
I,0.815,0.055,1.13,2.8255,0.001,0.0005,0.001500000013038516,18.0
F,0.815,0.055,1.13,2.8255,0.001,0.0005,0.001500000013038516,7.0
F,0.075,0.055,1.13,2.8255,0.001,0.0005,0.001500000013038516,12.0
F,0.075,0.65,0.0,2.8255,0.001,0.0005,1.0049999952316284,18.0
M,0.075,0.055,1.13,2.8255,0.001,0.0005,0.001500000013038516,14.0
F,0.075,0.65,1.13,2.8255,0.001,0.0005,1.0049999952316284,6.0
F,0.815,0.055,1.13,2.8255,0.001,0.0005,0.001500000013038516,12.0
F,0.075,0.055,1.13,2.8255,0.001,0.0005,0.001500000013038516,14.0
F,0.075,0.055,1.13,2.8255,0.001,0.0005,0.001500000013038516,12.0
F,0.815,0.055,1.13,2.8255,0.001,0.0005,0.001500000013038516,12.0
F,0.815,0.055,1.13,2.8255,0.001,0.0005,0.001500000013038516,12.0
F,0.075,0.65,1.13,2.8255,0.001,0.0005,0.001500000013038516,10.0
F,0.075,0.65,1.13,2.8255,0.001,0.0005,0.001500000013038516,10.0
F,0.815,0.055,1.13,2.8255,0.001,0.0005,0.001500000013038516,10.0
F,0.815,0.055,1.13,2.8255,0.001,0.0005,0.001500000013038516,18.0
I,0.815,0.055,1.13,2.8255,0.001,0.0005,0.001500000013038516,18.0
F,0.075,0.65,1.13,2.8255,0.001,0.0005,0.001500000013038516,14.0
F,0.075,0.055,1.13,2.8255,0.001,0.0005,1.0049999952316284,7.0
F,0.075,0.055,1.13,2.8255,0.001,0.0005,0.001500000013038516,10.0
I,0.815,0.055,1.13,2.8255,0.001,0.0005,0.001500000013038516,9.0
F,0.815,0.055,1.13,2.8255,0.001,0.0005,0.001500000013038516,12.0
M,0.815,0.055,0.0,2.8255,0.001,0.0005,0.001500000013038516,16.0
F,0.815,0.055,1.13,2.8255,0.001,0.0005,0.001500000013038516,10.0
M,0.075,0.65,1.13,2.8255,0.001,0.0005,0.001500000013038516,16.0
F,0.815,0.055,1.13,2.8255,0.001,0.0005,0.001500000013038516,12.0
F,0.815,0.055,1.13,2.8255,0.001,0.0005,0.001500000013038516,10.0
M,0.075,0.6499146,1.13,2.8255,0.001,0.0005,0.001500000013038516,16.0
F,0.815,0.055,1.13,2.8255,0.001,0.0005,0.001500000013038516,12.0
F,0.075,0.65,1.13,2.8255,0.001,0.0005,0.001500000013038516,14.0
F,0.075,0.65,1.13,2.8255,0.001,0.0005,0.001500000013038516,16.0
F,0.075,0.65,1.13,2.8255,0.001,0.0005,0.001500000013038516,10.0
F,0.815,0.055,1.13,2.8255,0.001,0.0005,0.001500000013038516,12.0
F,0.075,0.65,1.13,2.8255,0.001,0.0005,0.001500000013038516,10.0
F,0.075,0.65,1.13,2.8255,0.001,0.0005,1.0049999952316284,6.0
F,0.075,0.65,1.13,2.8255,0.001,0.0005,0.001500000013038516,5.0
F,0.815,0.055,1.13,2.8255,0.001,0.0005,0.001500000013038516,12.0
F,0.075,0.055,1.13,2.8255,0.001,0.0005,0.001500000013038516,10.0
F,0.815,0.055,1.13,2.8255,0.001,0.0005,0.001500000013038516,12.0
F,0.075,0.055,1.13,2.8255,0.001,0.0005,0.001500000013038516,12.0
F,0.815,0.055,1.13,2.8255,0.001,0.0005,1.0049999952316284,6.0
F,0.075,0.65,1.13,2.8255,0.001,0.0005,0.001500000013038516,16.0
F,0.815,0.055,1.13,2.8255,0.001,0.0005,0.001500000013038516,10.0
F,0.815,0.055,1.13,2.8255,0.001,0.0005,0.001500000013038516,12.0
F,0.075,0.055,1.13,2.8255,0.001,0.0005,0.001500000013038516,14.0
F,0.075,0.65,1.13,2.8255,0.001,0.0005,0.001500000013038516,17.0
F,0.075,0.65,1.13,2.8255,0.001,0.0005,1.0049999952316284,6.0
F,0.075,0.055,1.13,2.8255,0.001,0.0005,1.0049999952316284,6.0
I,0.815,0.055,0.0,2.8255,0.001,0.0005,0.001500000013038516,16.0
F,0.075,0.055,1.13,2.8255,0.001,0.0005,0.001500000013038516,10.0
F,0.075,0.055,1.13,2.8255,0.001,0.0005,0.001500000013038516,10.0
F,0.075,0.65,1.13,2.8255,0.001,0.0005,0.001500000013038516,10.0
F,0.075,0.65,1.13,2.8255,0.001,0.0005,1.0049999952316284,6.0
F,0.075,0.055,1.13,2.8255,0.001,0.0005,0.001500000013038516,12.0
M,0.075,0.65,0.0,2.8255,0.001,0.0005,0.001500000013038516,5.0
M,0.075,0.65,1.13,2.8255,0.001,0.0005,0.001500000013038516,16.0
F,0.075,0.65,1.13,2.8255,0.001,0.0005,0.001500000013038516,18.0
F,0.075,0.65,1.13,2.8255,0.001,0.0005,0.001500000013038516,5.0
M,0.075,0.65,1.13,2.8255,0.001,0.0005,0.001500000013038516,16.0
M,0.075,0.65,1.13,2.8255,0.001,0.0005,0.001500000013038516,16.0
M,0.075,0.65,0.0,2.8255,0.001,0.0005,0.001500000013038516,4.0
I,0.815,0.055,0.0,2.8255,0.001,0.0005,0.001500000013038516,16.0
F,0.075,0.65,1.13,2.8255,0.001,0.0005,0.001500000013038516,10.0
F,0.075,0.65,1.13,2.8255,0.001,0.0005,0.001500000013038516,10.0
F,0.815,0.055,1.13,2.8255,0.001,0.0005,0.001500000013038516,10.0
F,0.075,0.65,1.13,2.8255,0.001,0.0005,0.001500000013038516,5.0
F,0.815,0.055,1.13,2.8255,0.001,0.0005,0.001500000013038516,18.0
F,0.815,0.055,1.13,2.8255,0.001,0.0005,0.001500000013038516,12.0
I,0.075,0.65,0.0,2.8255,0.001,0.0005,1.0049999952316284,6.0
F,0.815,0.055,1.13,2.8255,0.001,0.0005,0.001500000013038516,10.0
F,0.815,0.055,0.0,2.8255,0.001,0.0005,0.001500000013038516,12.0
F,0.815,0.055,1.13,2.8255,0.001,0.0005,0.001500000013038516,14.0
M,0.075,0.65,1.13,2.8255,0.001,0.0005,0.001500000013038516,16.0
F,0.075,0.65,1.13,2.8255,0.001,0.0005,0.001500000013038516,10.0
F,0.075,0.65,1.13,2.8255,0.001,0.0005,1.0049999952316284,10.0
I,0.815,0.055,1.13,2.8255,0.001,0.0005,0.001500000013038516,18.0
F,0.815,0.055,1.13,2.8255,0.001,0.0005,1.0049999952316284,9.0
F,0.075,0.65,1.13,2.8255,0.001,0.0005,0.001500000013038516,5.0
F,0.815,0.055,1.13,2.8255,0.001,0.0005,0.001500000013038516,10.0
F,0.075,0.65,1.13,2.8255,0.001,0.0005,1.0049999952316284,10.0
F,0.815,0.055,1.13,2.8255,0.001,0.0005,0.001500000013038516,11.0
F,0.815,0.055,1.13,2.8255,0.001,0.0005,0.001500000013038516,12.0
F,0.815,0.055,1.13,2.8255,0.001,0.0005,0.001500000013038516,12.0
F,0.815,0.055,1.13,2.8255,0.001,0.0005,0.001500000013038516,18.0
F,0.815,0.055,1.13,2.8255,0.001,0.0005,0.001500000013038516,12.0
F,0.075,0.65,1.13,2.8255,0.001,0.0005,1.0049999952316284,18.0
F,0.075,0.65,1.13,2.8255,0.001,0.0005,0.001500000013038516,17.0
F,0.815,0.055,1.13,2.8255,0.001,0.0005,0.001500000013038516,12.0
M,0.075,0.65,1.13,2.8255,0.001,0.0005,0.001500000013038516,16.0
F,0.075,0.65,1.13,2.8255,0.001,0.0005,1.0049999952316284,10.0
F,0.075,0.65,1.13,2.8255,0.001,0.0005,0.001500000013038516,10.0
F,0.815,0.055,1.13,2.8255,0.001,0.0005,1.0049999952316284,7.0
F,0.815,0.055,1.13,2.8255,0.001,0.0005,0.001500000013038516,18.0
F,0.815,0.055,1.13,2.8255,0.001,0.0005,0.001500000013038516,14.0
F,0.075,0.65,1.13,2.8255,0.001,0.0005,0.001500000013038516,10.0
F,0.815,0.055,1.13,2.8255,0.001,0.0005,0.001500000013038516,18.0
F,0.815,0.055,1.13,2.8255,0.001,0.0005,0.001500000013038516,12.0
F,0.815,0.055,1.13,2.8255,0.001,0.0005,0.001500000013038516,14.0
F,0.075,0.65,1.13,2.8255,0.001,0.0005,0.001500000013038516,5.0
F,0.075,0.65,1.13,2.8255,0.001,0.0005,0.001500000013038516,10.0
F,0.815,0.055,1.13,2.8255,0.001,0.0005,0.001500000013038516,14.0
F,0.075,0.65,1.13,2.8255,0.001,0.0005,1.0049999952316284,18.0
I,0.815,0.055,0.0,2.8255,0.001,0.0005,1.0049999952316284,12.0
F,0.815,0.055,1.13,2.8255,0.001,0.0005,0.001500000013038516,12.0
F,0.075,0.65,0.0,2.8255,0.001,0.0005,0.001500000013038516,16.0
F,0.815,0.055,1.13,2.8255,0.001,0.0005,0.001500000013038516,10.0
F,0.815,0.055,1.13,2.8255,0.001,0.0005,0.001500000013038516,12.0
F,0.815,0.055,1.13,2.8255,0.001,0.0005,0.001500000013038516,12.0
F,0.075,0.65,1.13,2.8255,0.001,0.0005,0.001500000013038516,10.0
F,0.075,0.055,1.13,2.8255,0.001,0.0005,0.001500000013038516,12.0
M,0.075,0.65,0.0,2.8255,0.001,0.0005,0.001500000013038516,15.0
F,0.815,0.055,1.13,2.8255,0.001,0.0005,0.001500000013038516,6.0
F,0.075,0.055,1.13,2.8255,0.001,0.0005,0.001500000013038516,14.0
F,0.815,0.055,1.13,2.8255,0.001,0.0005,0.001500000013038516,12.0
F,0.075,0.65,0.0,2.8255,0.001,0.0005,1.0049999952316284,5.0
F,0.075,0.65,1.13,2.8255,0.001,0.0005,0.001500000013038516,10.0
F,0.815,0.055,1.13,2.8255,0.001,0.0005,0.001500000013038516,12.0
F,0.075,0.65,1.13,2.8255,0.001,0.0005,0.001500000013038516,10.0
F,0.075,0.65,1.13,2.8255,0.001,0.0005,0.001500000013038516,16.0
F,0.075,0.65,1.13,2.8255,0.001,0.0005,0.001500000013038516,16.0
I,0.075,0.65,0.0,2.8255,0.001,0.0005,1.0049999952316284,18.0
M,0.075,0.65,0.0,2.8255,0.001,0.0005,0.001500000013038516,4.0
F,0.815,0.055,1.13,2.8255,0.001,0.0005,0.001500000013038516,4.0
F,0.075,0.65,1.13,2.8255,0.001,0.0005,0.001500000013038516,10.0
F,0.815,0.055,1.13,2.8255,0.001,0.0005,0.001500000013038516,12.0
F,0.075,0.65,1.13,2.8255,0.001,0.0005,0.001500000013038516,5.0
F,0.815,0.055,1.13,2.8255,0.001,0.0005,0.001500000013038516,12.0
F,0.075,0.65,1.13,2.8255,0.001,0.0005,0.001500000013038516,16.0
F,0.815,0.055,1.13,2.8255,0.001,0.0005,0.001500000013038516,12.0
F,0.815,0.055,1.13,2.8255,0.001,0.0005,0.001500000013038516,12.0
F,0.075,0.055,1.13,2.8255,0.001,0.0005,0.001500000013038516,10.0
F,0.815,0.055,1.13,2.8255,0.001,0.0005,1.0049999952316284,12.0
I,0.815,0.055,1.13,2.8255,0.001,0.0005,1.0049999952316284,12.0
F,0.075,0.65,1.13,2.8255,0.001,0.0005,0.001500000013038516,5.0
F,0.815,0.055,1.13,2.8255,0.001,0.0005,0.001500000013038516,10.0
F,0.815,0.055,1.13,2.8255,0.001,0.0005,0.001500000013038516,12.0
F,0.815,0.055,1.13,2.8255,0.001,0.0005,0.001500000013038516,10.0
M,0.075,0.65,0.0,2.8255,0.001,0.0005,0.001500000013038516,16.0
I,0.815,0.055,1.13,2.8255,0.001,0.0005,0.001500000013038516,9.0
F,0.075,0.65,1.13,2.8255,0.001,0.0005,0.001500000013038516,5.0
F,0.075,0.65,1.13,2.8255,0.001,0.0005,0.001500000013038516,10.0
M,0.815,0.055,1.13,2.8255,0.001,0.0005,0.001500000013038516,18.0
F,0.075,0.65,1.13,2.8255,0.001,0.0005,0.001500000013038516,5.0
F,0.075,0.055,1.13,2.8255,0.001,0.0005,0.001500000013038516,12.0
F,0.075,0.65,1.13,2.8255,0.001,0.0005,1.0049999952316284,10.0
F,0.815,0.055,1.13,2.8255,0.001,0.0005,0.001500000013038516,12.0
M,0.815,0.055,1.13,2.8255,0.001,0.0005,0.001500000013038516,18.0
F,0.075,0.65,1.13,2.8255,0.001,0.0005,0.001500000013038516,10.0
F,0.075,0.055,1.13,2.8255,0.001,0.0005,0.001500000013038516,14.0
F,0.075,0.65,1.13,2.8255,0.001,0.0005,0.001500000013038516,14.0
F,0.815,0.055,1.13,2.8255,0.001,0.0005,0.001500000013038516,12.0
M,0.815,0.65,0.0,2.8255,0.001,0.0005,0.001500000013038516,16.0
F,0.075,0.65,1.13,2.8255,0.001,0.0005,0.001500000013038516,10.0
M,0.815,0.055,0.0,2.8255,0.001,0.0005,0.001500000013038516,16.0
F,0.815,0.055,1.13,2.8255,0.001,0.0005,0.001500000013038516,12.0
F,0.075,0.65,1.13,2.8255,0.001,0.0005,0.001500000013038516,10.0
F,0.075,0.055,1.13,2.8255,0.001,0.0005,1.0049999952316284,6.0
F,0.815,0.055,1.13,2.8255,0.001,0.0005,0.001500000013038516,12.0
F,0.075,0.055,1.13,2.8255,0.001,0.0005,1.0049999952316284,6.0
F,0.815,0.055,1.13,2.8255,0.001,0.0005,0.001500000013038516,18.0
F,0.075,0.65,1.13,2.8255,0.001,0.0005,1.0049999952316284,6.0
F,0.075,0.055,1.13,2.8255,0.001,0.0005,0.001500000013038516,10.0
M,0.075,0.65,1.13,2.8255,0.001,0.0005,0.001500000013038516,16.0
I,0.815,0.055,1.13,2.8255,0.001,0.0005,0.001500000013038516,14.0
F,0.075,0.055,1.13,2.8255,0.001,0.0005,0.001500000013038516,10.0
F,0.075,0.65,1.13,2.8255,0.001,0.0005,0.001500000013038516,10.0
F,0.815,0.055,1.13,2.8255,0.001,0.0005,0.001500000013038516,5.0
F,0.815,0.055,1.13,2.8255,0.001,0.0005,0.001500000013038516,12.0
F,0.075,0.65,1.13,2.8255,0.001,0.0005,0.001500000013038516,14.0
I,0.815,0.055,1.13,2.8255,0.001,0.0005,1.0049999952316284,6.0
F,0.075,0.65,1.13,2.8255,0.001,0.0005,0.001500000013038516,14.0
F,0.075,0.055,1.13,2.8255,0.001,0.0005,0.001500000013038516,10.0
F,0.075,0.055,1.13,2.8255,0.001,0.0005,0.001500000013038516,14.0
F,0.075,0.65,1.13,2.8255,0.001,0.0005,0.001500000013038516,16.0
F,0.815,0.055,1.13,2.8255,0.001,0.0005,0.001500000013038516,12.0
F,0.815,0.055,1.13,2.8255,0.001,0.0005,0.001500000013038516,12.0
F,0.815,0.055,1.13,2.8255,0.001,0.0005,0.001500000013038516,18.0
F,0.075,0.055,1.13,2.8255,0.001,0.0005,1.0049999952316284,6.0
M,0.815,0.055,0.0,2.8255,0.001,0.0005,0.001500000013038516,16.0
F,0.815,0.055,1.13,2.8255,0.001,0.0005,0.001500000013038516,11.0
M,0.815,0.055,1.13,2.8255,0.001,0.0005,0.001500000013038516,16.0
F,0.075,0.65,1.13,2.8255,0.001,0.0005,0.001500000013038516,14.0
F,0.075,0.055,1.13,2.8255,0.001,0.0005,0.001500000013038516,14.0
F,0.075,0.65,1.13,2.8255,0.001,0.0005,0.001500000013038516,10.0
F,0.815,0.055,1.13,2.8255,0.001,0.0005,0.001500000013038516,12.0
F,0.075,0.65,1.13,2.8255,0.001,0.0005,0.001500000013038516,16.0
F,0.075,0.65,1.13,2.8255,0.001,0.0005,0.001500000013038516,16.0
M,0.815,0.055,1.13,2.8255,0.001,0.0005,0.001500000013038516,18.0
F,0.815,0.055,1.13,2.8255,0.001,0.0005,0.001500000013038516,10.0
F,0.075,0.65,1.13,2.8255,0.001,0.0005,0.001500000013038516,10.0
F,0.075,0.65,1.13,2.8255,0.001,0.0005,0.001500000013038516,14.0
F,0.075,0.65,1.13,2.8255,0.001,0.0005,0.001500000013038516,16.0
M,0.075,0.65,0.0,2.8255,0.001,0.0005,0.001500000013038516,16.0
F,0.815,0.055,1.13,2.8255,0.001,0.0005,0.001500000013038516,12.0
F,0.815,0.055,1.13,2.8255,0.001,0.0005,0.001500000013038516,12.0
F,0.815,0.055,1.13,2.8255,0.001,0.0005,0.001500000013038516,12.0
F,0.075,0.65,1.13,2.8255,0.001,0.0005,0.001500000013038516,10.0
F,0.075,0.65,1.13,2.8255,0.001,0.0005,0.001500000013038516,10.0
F,0.815,0.055,1.13,2.8255,0.001,0.0005,0.001500000013038516,12.0
F,0.075,0.65,1.13,2.8255,0.001,0.0005,0.001500000013038516,14.0
F,0.075,0.055,1.13,2.8255,0.001,0.0005,0.001500000013038516,10.0
F,0.075,0.65,0.0,2.8255,0.001,0.0005,1.0049999952316284,6.0
F,0.815,0.055,1.13,2.8255,0.001,0.0005,0.001500000013038516,5.0
F,0.815,0.055,1.13,2.8255,0.001,0.0005,0.001500000013038516,12.0
M,0.815,0.055,1.13,2.8255,0.001,0.0005,0.001500000013038516,18.0
F,0.075,0.65,0.0,2.8255,0.001,0.0005,1.0049999952316284,6.0
F,0.075,0.65,1.13,2.8255,0.001,0.0005,0.001500000013038516,16.0
F,0.075,0.65,1.13,2.8255,0.001,0.0005,0.001500000013038516,14.0
F,0.815,0.055,1.13,2.8255,0.001,0.0005,0.001500000013038516,12.0
F,0.815,0.055,1.13,2.8255,0.001,0.0005,0.001500000013038516,12.0
F,0.075,0.65,1.13,2.8255,0.001,0.0005,0.001500000013038516,5.0
F,0.815,0.055,1.13,2.8255,0.001,0.0005,0.001500000013038516,12.0
F,0.815,0.055,1.13,2.8255,0.001,0.0005,0.001500000013038516,12.0
F,0.075,0.65,1.13,2.8255,0.001,0.0005,0.001500000013038516,10.0
F,0.075,0.65,1.13,2.8255,0.001,0.0005,0.001500000013038516,10.0
F,0.075,0.055,1.13,2.8255,0.001,0.0005,0.001500000013038516,14.0
F,0.815,0.055,1.13,2.8255,0.001,0.0005,0.001500000013038516,12.0
F,0.075,0.65,0.0,2.8255,0.001,0.0005,0.001500000013038516,10.0
F,0.075,0.055,1.13,2.8255,0.001,0.0005,0.001500000013038516,10.0
F,0.815,0.055,1.13,2.8255,0.001,0.0005,0.001500000013038516,12.0
F,0.815,0.055,1.13,2.8255,0.001,0.0005,0.001500000013038516,12.0
F,0.075,0.65,1.13,2.8255,0.001,0.0005,0.001500000013038516,16.0
F,0.075,0.055,1.13,2.8255,0.001,0.0005,0.001500000013038516,6.0
F,0.075,0.65,0.0,2.8255,0.001,0.0005,1.0049999952316284,4.0
F,0.815,0.055,1.13,2.8255,0.001,0.0005,1.0049999952316284,6.0
M,0.075,0.65,0.0,2.8255,0.001,0.0005,0.001500000013038516,16.0
F,0.815,0.055,1.13,2.8255,0.001,0.0005,0.001500000013038516,12.0
F,0.075,0.65,0.0,2.8255,0.001,0.0005,0.001500000013038516,5.0
F,0.075,0.65,1.13,2.8255,0.001,0.0005,0.001500000013038516,16.0
F,0.815,0.055,1.13,2.8255,0.001,0.0005,0.001500000013038516,12.0
F,0.075,0.055,1.13,2.8255,0.001,0.0005,0.001500000013038516,10.0
F,0.075,0.65,1.13,2.8255,0.001,0.0005,1.0049999952316284,10.0
F,0.075,0.055,1.13,2.8255,0.001,0.0005,0.001500000013038516,10.0
M,0.075,0.65,0.0,2.8255,0.001,0.0005,0.001500000013038516,16.0
M,0.815,0.055,1.13,2.8255,0.001,0.0005,0.001500000013038516,18.0
F,0.815,0.055,1.13,2.8255,0.001,0.0005,0.001500000013038516,12.0
M,0.075,0.65,1.13,2.8255,0.001,0.0005,0.001500000013038516,18.0
F,0.815,0.055,1.13,2.8255,0.001,0.0005,0.001500000013038516,18.0
F,0.075,0.055,1.13,2.8255,0.001,0.0005,0.001500000013038516,14.0
F,0.075,0.65,1.13,2.8255,0.001,0.0005,0.001500000013038516,14.0
F,0.815,0.055,1.13,2.8255,0.001,0.0005,0.001500000013038516,10.0
M,0.075,0.65,1.13,2.8255,0.001,0.0005,0.001500000013038516,16.0
F,0.815,0.055,1.13,2.8255,0.001,0.0005,0.001500000013038516,12.0
F,0.075,0.65,1.13,2.8255,0.001,0.0005,0.001500000013038516,10.0
F,0.815,0.055,1.13,2.8255,0.001,0.0005,0.001500000013038516,12.0
M,0.075,0.65,1.13,2.8255,0.001,0.0005,0.001500000013038516,16.0
F,0.075,0.055,1.13,2.8255,0.001,0.0005,0.001500000013038516,10.0
F,0.815,0.055,1.13,2.8255,0.001,0.0005,0.001500000013038516,12.0
F,0.815,0.055,1.13,2.8255,0.001,0.0005,0.001500000013038516,10.0
F,0.815,0.055,1.13,2.8255,0.001,0.0005,0.001500000013038516,12.0
F,0.075,0.65,1.13,2.8255,0.001,0.0005,0.001500000013038516,10.0
M,0.815,0.055,1.13,2.8255,0.001,0.0005,0.001500000013038516,18.0
F,0.815,0.055,1.13,2.8255,0.001,0.0005,1.0049999952316284,6.0
F,0.075,0.65,1.13,2.8255,0.001,0.0005,0.001500000013038516,10.0
F,0.075,0.65,1.13,2.8255,0.001,0.0005,0.001500000013038516,10.0
F,0.075,0.65,1.13,2.8255,0.001,0.0005,0.001500000013038516,14.0
M,0.815,0.055,1.13,2.8255,0.001,0.0005,0.001500000013038516,18.0
F,0.815,0.055,1.13,2.8255,0.001,0.0005,0.001500000013038516,14.0
I,0.815,0.055,0.0,2.8255,0.001,0.0005,0.001500000013038516,1.0
F,0.075,0.65,1.13,2.8255,0.001,0.0005,0.001500000013038516,16.0
F,0.815,0.055,1.13,2.8255,0.001,0.0005,0.001500000013038516,12.0
F,0.075,0.055,1.13,2.8255,0.001,0.0005,0.001500000013038516,10.0
F,0.075,0.65,1.13,2.8255,0.001,0.0005,0.001500000013038516,14.0
F,0.075,0.65,1.13,2.8255,0.001,0.0005,0.001500000013038516,10.0
F,0.075,0.65,1.13,2.8255,0.001,0.0005,0.001500000013038516,17.0
F,0.815,0.055,1.13,2.8255,0.001,0.0005,1.0049999952316284,10.0
I,0.815,0.055,0.0,2.8255,0.001,0.0005,0.001500000013038516,14.0
M,0.815,0.055,1.13,2.8255,0.001,0.0005,0.001500000013038516,14.0
F,0.075,0.055,1.13,2.8255,0.001,0.0005,0.001500000013038516,14.0
F,0.075,0.65,1.13,2.8255,0.001,0.0005,0.001500000013038516,16.0
F,0.075,0.65,1.13,2.8255,0.001,0.0005,0.001500000013038516,14.0
M,0.815,0.055,0.0,2.8255,0.001,0.0005,0.001500000013038516,18.0
F,0.075,0.65,1.13,2.8255,0.001,0.0005,1.0049999952316284,10.0
F,0.075,0.055,1.13,2.8255,0.001,0.0005,0.001500000013038516,10.0
F,0.815,0.055,1.13,2.8255,0.001,0.0005,0.001500000013038516,12.0
F,0.075,0.65,1.13,2.8255,0.001,0.0005,0.001500000013038516,10.0
M,0.815,0.055,1.13,2.8255,0.001,0.0005,0.001500000013038516,18.0
F,0.075,0.65,1.13,2.8255,0.001,0.0005,0.001500000013038516,5.0
I,0.815,0.055,1.13,2.8255,0.001,0.0005,0.001500000013038516,12.0
F,0.815,0.055,1.13,2.8255,0.001,0.0005,0.001500000013038516,12.0
F,0.815,0.055,1.13,2.8255,0.001,0.0005,0.001500000013038516,10.0
F,0.815,0.055,1.13,2.8255,0.001,0.0005,0.001500000013038516,12.0
F,0.075,0.055,1.13,2.8255,0.001,0.0005,0.001500000013038516,14.0
F,0.075,0.055,1.13,2.8255,0.001,0.0005,0.001500000013038516,12.0
F,0.075,0.65,1.13,2.8255,0.001,0.0005,0.001500000013038516,10.0
F,0.815,0.055,1.13,2.8255,0.001,0.0005,0.001500000013038516,5.0
F,0.075,0.65,1.13,2.8255,0.001,0.0005,0.001500000013038516,16.0
F,0.815,0.055,1.13,2.8255,0.001,0.0005,0.001500000013038516,18.0
I,0.815,0.055,0.185,2.8255,0.001,0.0005,1.0049999952316284,9.0
F,0.075,0.65,0.0,2.8255,0.001,0.0005,1.0049999952316284,18.0
F,0.075,0.055,1.13,2.8255,0.001,0.0005,0.001500000013038516,12.0
F,0.815,0.055,1.13,2.8255,0.001,0.0005,0.001500000013038516,12.0
F,0.815,0.055,1.13,2.8255,0.001,0.0005,0.001500000013038516,12.0
F,0.815,0.055,1.13,2.8255,0.001,0.0005,0.001500000013038516,18.0
M,0.815,0.055,1.13,2.8255,0.001,0.0005,0.001500000013038516,18.0
F,0.075,0.65,1.13,2.8255,0.001,0.0005,0.001500000013038516,10.0
M,0.075,0.65,0.0,2.8255,0.001,0.0005,0.001500000013038516,5.0
F,0.075,0.65,1.13,2.8255,0.001,0.0005,0.001500000013038516,10.0
F,0.075,0.65,1.13,2.8255,0.001,0.0005,0.001500000013038516,14.0
F,0.815,0.055,1.13,2.8255,0.001,0.0005,0.001500000013038516,12.0
F,0.815,0.055,1.13,2.8255,0.001,0.0005,0.001500000013038516,12.0
F,0.075,0.65,1.13,2.8255,0.001,0.0005,1.0049999952316284,10.0
F,0.075,0.055,1.13,2.8255,0.001,0.0005,0.001500000013038516,12.0
I,0.815,0.055,1.13,2.8255,0.001,0.0005,1.0049999952316284,12.0
F,0.815,0.055,1.13,2.8255,0.001,0.0005,0.001500000013038516,12.0
M,0.075,0.65,1.13,2.8255,0.001,0.0005,0.001500000013038516,16.0
F,0.075,0.65,1.13,2.8255,0.001,0.0005,0.001500000013038516,5.0
F,0.075,0.65,1.13,2.8255,0.001,0.0005,0.001500000013038516,16.0
F,0.815,0.055,1.13,2.8255,0.001,0.0005,0.001500000013038516,12.0
F,0.075,0.65,1.13,2.8255,0.001,0.0005,0.001500000013038516,14.0
F,0.815,0.055,1.13,2.8255,0.001,0.0005,0.001500000013038516,12.0
M,0.815,0.055,0.0,2.8255,0.001,0.0005,0.001500000013038516,15.0
I,0.815,0.055,0.0,2.8255,0.001,0.0005,0.001500000013038516,1.0
F,0.815,0.055,1.13,2.8255,0.001,0.0005,0.001500000013038516,12.0
F,0.075,0.65,1.13,2.8255,0.001,0.0005,0.001500000013038516,10.0
F,0.075,0.65,1.13,2.8255,0.001,0.0005,0.001500000013038516,10.0
F,0.815,0.055,1.13,2.8255,0.001,0.0005,0.001500000013038516,12.0
F,0.815,0.055,1.13,2.8255,0.001,0.0005,0.001500000013038516,12.0
F,0.075,0.055,1.13,2.8255,0.001,0.0005,0.001500000013038516,10.0
F,0.075,0.65,1.13,2.8255,0.001,0.0005,0.001500000013038516,16.0
F,0.075,0.65,1.13,2.8255,0.001,0.0005,0.001500000013038516,5.0
F,0.075,0.65,1.13,2.8255,0.001,0.0005,0.001500000013038516,16.0
F,0.075,0.055,1.13,2.8255,0.001,0.0005,0.001500000013038516,10.0
F,0.815,0.055,1.13,2.8255,0.001,0.0005,0.001500000013038516,12.0
M,0.075,0.65,1.13,2.8255,0.001,0.0005,0.001500000013038516,16.0
M,0.815,0.055,1.13,2.8255,0.001,0.0005,0.001500000013038516,18.0
M,0.075,0.65,1.13,2.8255,0.001,0.0005,0.001500000013038516,16.0
F,0.075,0.055,1.13,2.8255,0.001,0.0005,0.001500000013038516,14.0
F,0.075,0.65,1.13,2.8255,0.001,0.0005,0.001500000013038516,12.0
F,0.075,0.055,1.13,2.8255,0.001,0.0005,0.001500000013038516,10.0
F,0.075,0.65,1.13,2.8255,0.001,0.0005,0.001500000013038516,14.0
M,0.075,0.65,1.13,2.8255,0.001,0.0005,0.001500000013038516,16.0
F,0.075,0.65,1.13,2.8255,0.001,0.0005,0.001500000013038516,16.0
F,0.815,0.055,1.13,2.8255,0.001,0.0005,0.001500000013038516,5.0
F,0.815,0.055,1.13,2.8255,0.001,0.0005,0.001500000013038516,12.0
F,0.075,0.65,1.13,2.8255,0.001,0.0005,0.001500000013038516,5.0
F,0.075,0.055,1.13,2.8255,0.001,0.0005,0.001500000013038516,14.0
F,0.815,0.055,1.13,2.8255,0.001,0.0005,0.001500000013038516,12.0
F,0.075,0.65,1.13,2.8255,0.001,0.0005,0.001500000013038516,10.0
F,0.075,0.65,1.13,2.8255,0.001,0.0005,0.001500000013038516,5.0
F,0.075,0.65,1.13,2.8255,0.001,0.0005,0.001500000013038516,10.0
M,0.815,0.055,1.13,2.8255,0.001,0.0005,0.001500000013038516,18.0
F,0.075,0.65,1.13,2.8255,0.001,0.0005,0.001500000013038516,5.0
F,0.075,0.65,0.0,2.8255,0.001,0.0005,0.001500000013038516,5.0
M,0.075,0.65,0.0,2.8255,0.001,0.0005,0.001500000013038516,16.0
F,0.815,0.055,1.13,2.8255,0.001,0.0005,0.001500000013038516,12.0
F,0.075,0.65,1.13,2.8255,0.001,0.0005,0.001500000013038516,16.0
F,0.075,0.65,1.13,2.8255,0.001,0.0005,0.001500000013038516,10.0
F,0.075,0.65,1.13,2.8255,0.001,0.0005,0.001500000013038516,16.0
M,0.815,0.055,0.0,2.8255,0.001,0.0005,0.001500000013038516,15.0
F,0.815,0.055,1.13,2.8255,0.001,0.0005,0.001500000013038516,14.0
F,0.075,0.65,1.13,2.8255,0.001,0.0005,0.001500000013038516,10.0
F,0.075,0.65,1.13,2.8255,0.001,0.0005,0.001500000013038516,10.0
F,0.075,0.65,1.13,2.8255,0.001,0.0005,0.001500000013038516,10.0
F,0.075,0.055,1.13,2.8255,0.001,0.0005,0.001500000013038516,10.0
F,0.815,0.055,1.13,2.8255,0.001,0.0005,0.001500000013038516,18.0
F,0.815,0.055,1.13,2.8255,0.001,0.0005,0.001500000013038516,12.0
F,0.075,0.65,1.13,2.8255,0.001,0.0005,0.001500000013038516,5.0
F,0.815,0.055,1.13,2.8255,0.001,0.0005,0.001500000013038516,6.0
F,0.815,0.055,1.13,2.8255,0.001,0.0005,0.001500000013038516,12.0
F,0.075,0.055,1.13,2.8255,0.001,0.0005,0.001500000013038516,18.0
F,0.075,0.65,1.13,2.8255,0.001,0.0005,0.001500000013038516,10.0
M,0.075,0.65,1.13,2.8255,0.001,0.0005,0.001500000013038516,5.0
I,0.815,0.055,0.0,2.8255,0.001,0.0005,0.001500000013038516,12.0
F,0.815,0.055,1.13,2.8255,0.001,0.0005,0.001500000013038516,12.0
F,0.815,0.055,1.13,2.8255,0.001,0.0005,0.001500000013038516,12.0
F,0.075,0.055,1.13,2.8255,0.001,0.0005,0.001500000013038516,10.0
F,0.075,0.65,1.13,2.8255,0.001,0.0005,0.001500000013038516,16.0
F,0.815,0.055,1.13,2.8255,0.001,0.0005,0.001500000013038516,12.0
F,0.075,0.65,1.13,2.8255,0.001,0.0005,0.001500000013038516,18.0
F,0.075,0.055,1.13,2.8255,0.001,0.0005,0.001500000013038516,10.0
M,0.815,0.055,1.13,2.8255,0.001,0.0005,0.001500000013038516,18.0
M,0.815,0.055,1.13,2.8255,0.001,0.0005,0.001500000013038516,4.0
F,0.075,0.65,1.13,2.8255,0.001,0.0005,0.001500000013038516,16.0
F,0.075,0.65,1.13,2.8255,0.001,0.0005,0.001500000013038516,5.0
M,0.815,0.055,1.13,2.8255,0.001,0.0005,0.001500000013038516,18.0
F,0.075,0.65,1.13,2.8255,0.001,0.0005,0.001500000013038516,14.0
F,0.075,0.65,1.13,2.8255,0.001,0.0005,0.001500000013038516,5.0
F,0.075,0.65,1.13,2.8255,0.001,0.0005,0.001500000013038516,10.0
F,0.075,0.65,1.13,2.8255,0.001,0.0005,0.001500000013038516,5.0
F,0.075,0.65,1.13,2.8255,0.001,0.0005,0.001500000013038516,10.0
F,0.815,0.055,1.13,2.8255,0.001,0.0005,0.001500000013038516,12.0
F,0.815,0.055,1.13,2.8255,0.001,0.0005,0.001500000013038516,10.0
F,0.815,0.055,1.13,2.8255,0.001,0.0005,0.001500000013038516,12.0
F,0.815,0.055,1.13,2.8255,0.001,0.0005,0.001500000013038516,12.0
F,0.075,0.65,1.13,2.8255,0.001,0.0005,0.001500000013038516,10.0
F,0.815,0.055,1.13,2.8255,0.001,0.0005,0.001500000013038516,12.0
F,0.075,0.055,1.13,2.8255,0.001,0.0005,0.001500000013038516,10.0
F,0.815,0.055,1.13,2.8255,0.001,0.0005,0.001500000013038516,12.0
F,0.815,0.055,1.13,2.8255,0.001,0.0005,0.001500000013038516,10.0
F,0.075,0.055,1.13,2.8255,0.001,0.0005,0.001500000013038516,14.0
M,0.075,0.65,1.13,2.8255,0.001,0.0005,0.001500000013038516,16.0
F,0.075,0.65,1.13,2.8255,0.001,0.0005,0.001500000013038516,5.0
F,0.075,0.055,1.13,2.8255,0.001,0.0005,0.001500000013038516,10.0
F,0.075,0.65,1.13,2.8255,0.001,0.0005,0.001500000013038516,16.0
F,0.075,0.65,1.13,2.8255,0.001,0.0005,0.001500000013038516,16.0
M,0.075,0.65,1.13,2.8255,0.001,0.0005,0.001500000013038516,16.0
F,0.815,0.055,1.13,2.8255,0.001,0.0005,0.001500000013038516,10.0
F,0.075,0.055,1.13,2.8255,0.001,0.0005,0.001500000013038516,12.0
I,0.815,0.055,0.0,2.8255,0.001,0.0005,1.0049999952316284,6.0
F,0.075,0.055,1.13,2.8255,0.001,0.0005,0.001500000013038516,12.0
F,0.075,0.65,1.13,2.8255,0.001,0.0005,0.001500000013038516,14.0
F,0.075,0.65,1.13,2.8255,0.001,0.0005,1.0049999952316284,6.0
M,0.075,0.65,1.13,2.8255,0.001,0.0005,0.001500000013038516,16.0
M,0.075,0.65,1.13,2.8255,0.001,0.0005,0.001500000013038516,16.0
F,0.075,0.055,1.13,2.8255,0.001,0.0005,0.001500000013038516,12.0
F,0.075,0.65,1.13,2.8255,0.001,0.0005,0.001500000013038516,10.0
F,0.815,0.055,1.13,2.8255,0.001,0.0005,0.001500000013038516,10.0
F,0.075,0.65,1.13,2.8255,0.001,0.0005,0.001500000013038516,10.0
F,0.075,0.65,1.13,2.8255,0.001,0.0005,0.001500000013038516,10.0
F,0.075,0.055,1.13,2.8255,0.001,0.0005,0.001500000013038516,12.0
F,0.075,0.65,1.13,2.8255,0.001,0.0005,0.001500000013038516,16.0
M,0.075,0.65,0.0,2.8255,0.001,0.0005,0.001500000013038516,5.0
F,0.075,0.65,1.13,2.8255,0.001,0.0005,0.001500000013038516,10.0
F,0.815,0.055,1.13,2.8255,0.001,0.0005,0.001500000013038516,10.0
F,0.075,0.65,1.13,2.8255,0.001,0.0005,0.001500000013038516,10.0
M,0.815,0.055,1.13,2.8255,0.001,0.0005,0.001500000013038516,18.0
F,0.075,0.65,1.13,2.8255,0.001,0.0005,0.001500000013038516,10.0
F,0.075,0.65,1.13,2.8255,0.001,0.0005,1.0049999952316284,10.0
F,0.075,0.055,1.13,2.8255,0.001,0.0005,0.001500000013038516,10.0
F,0.815,0.055,1.13,2.8255,0.001,0.0005,0.001500000013038516,12.0
F,0.075,0.65,1.13,2.8255,0.001,0.0005,0.001500000013038516,10.0
F,0.815,0.055,1.13,2.8255,0.001,0.0005,0.001500000013038516,12.0
F,0.075,0.65,1.13,2.8255,0.001,0.0005,0.001500000013038516,16.0
F,0.075,0.055,1.13,2.8255,0.001,0.0005,0.001500000013038516,10.0
M,0.075,0.65,1.13,2.8255,0.001,0.0005,0.001500000013038516,16.0
F,0.815,0.055,1.13,2.8255,0.001,0.0005,0.001500000013038516,10.0
F,0.815,0.055,1.13,2.8255,0.001,0.0005,0.001500000013038516,14.0
F,0.075,0.055,1.13,2.8255,0.001,0.0005,0.001500000013038516,16.0
F,0.815,0.055,1.13,2.8255,0.001,0.0005,1.0049999952316284,6.0
I,0.075,0.65,0.0,2.8255,0.001,0.0005,1.0049999952316284,15.0
F,0.075,0.055,1.13,2.8255,0.001,0.0005,0.001500000013038516,10.0
F,0.075,0.65,1.13,2.8255,0.001,0.0005,0.001500000013038516,16.0
F,0.075,0.055,1.13,2.8255,0.001,0.0005,0.001500000013038516,12.0
F,0.075,0.055,1.13,2.8255,0.001,0.0005,0.001500000013038516,12.0
F,0.075,0.055,1.13,2.8255,0.001,0.0005,0.001500000013038516,12.0
F,0.815,0.055,1.13,2.8255,0.001,0.0005,0.001500000013038516,10.0
F,0.075,0.055,1.13,2.8255,0.001,0.0005,0.001500000013038516,12.0
F,0.075,0.65,1.13,2.8255,0.001,0.0005,0.001500000013038516,10.0
F,0.815,0.055,1.13,2.8255,0.001,0.0005,0.001500000013038516,12.0
F,0.815,0.055,1.13,2.8255,0.001,0.0005,0.001500000013038516,12.0
F,0.075,0.65,1.13,2.8255,0.001,0.0005,0.001500000013038516,14.0
F,0.075,0.65,1.13,2.8255,0.001,0.0005,0.001500000013038516,10.0
M,0.075,0.65,1.13,2.8255,0.001,0.0005,0.001500000013038516,16.0
F,0.075,0.65,1.13,2.8255,0.001,0.0005,0.001500000013038516,16.0
F,0.815,0.055,1.13,2.8255,0.001,0.0005,0.001500000013038516,12.0
F,0.815,0.055,1.13,2.8255,0.001,0.0005,0.001500000013038516,10.0
F,0.815,0.055,1.13,2.8255,0.001,0.0005,0.001500000013038516,12.0
M,0.075,0.63168836,1.13,2.8255,0.001,0.0005,0.001500000013038516,16.0
F,0.075,0.65,0.0,2.8255,0.001,0.0005,1.0049999952316284,10.0
M,0.075,0.65,1.13,2.8255,0.001,0.0005,0.001500000013038516,16.0
F,0.075,0.65,1.13,2.8255,0.001,0.0005,0.001500000013038516,16.0
F,0.815,0.055,1.13,2.8255,0.001,0.0005,0.001500000013038516,18.0
F,0.075,0.055,1.13,2.8255,0.001,0.0005,0.001500000013038516,12.0
F,0.815,0.055,1.13,2.8255,0.001,0.0005,1.0049999952316284,6.0
F,0.075,0.65,1.13,2.8255,0.001,0.0005,0.001500000013038516,16.0
F,0.815,0.055,1.13,2.8255,0.001,0.0005,1.0049999952316284,9.0
F,0.075,0.055,1.13,2.8255,0.001,0.0005,1.0049999952316284,6.0
F,0.075,0.65,1.13,2.8255,0.001,0.0005,0.001500000013038516,16.0
F,0.075,0.65,1.13,2.8255,0.001,0.0005,0.001500000013038516,10.0
F,0.815,0.055,1.13,2.8255,0.001,0.0005,0.001500000013038516,18.0
M,0.075,0.65,1.13,2.8255,0.001,0.0005,0.001500000013038516,16.0
F,0.815,0.055,1.13,2.8255,0.001,0.0005,0.001500000013038516,12.0
F,0.815,0.055,1.13,2.8255,0.001,0.0005,0.001500000013038516,12.0
F,0.075,0.65,0.0,2.8255,0.001,0.0005,0.001500000013038516,5.0
F,0.075,0.055,1.13,2.8255,0.001,0.0005,0.001500000013038516,12.0
M,0.075,0.65,0.0,2.8255,0.001,0.0005,0.001500000013038516,16.0
F,0.075,0.65,0.0,2.8255,0.001,0.0005,1.0049999952316284,18.0
F,0.815,0.055,1.13,2.8255,0.001,0.0005,0.001500000013038516,12.0
F,0.075,0.055,1.13,2.8255,0.001,0.0005,0.001500000013038516,10.0
F,0.075,0.65,0.0,2.8255,0.001,0.0005,1.0049999952316284,18.0
M,0.075,0.65,1.13,2.8255,0.001,0.0005,0.001500000013038516,16.0
F,0.075,0.055,1.13,2.8255,0.001,0.0005,0.001500000013038516,12.0
F,0.075,0.65,1.13,2.8255,0.001,0.0005,0.001500000013038516,16.0
F,0.815,0.055,1.13,2.8255,0.001,0.0005,0.001500000013038516,10.0
F,0.075,0.65,0.0,2.8255,0.001,0.0005,0.001500000013038516,14.0
F,0.075,0.65,0.0,2.8255,0.001,0.0005,1.0049999952316284,18.0
M,0.815,0.055,1.13,2.8255,0.001,0.0005,0.001500000013038516,14.0
F,0.075,0.65,1.13,2.8255,0.001,0.0005,0.001500000013038516,10.0
F,0.075,0.055,1.13,2.8255,0.001,0.0005,1.0049999952316284,10.0
F,0.075,0.65,1.13,2.8255,0.001,0.0005,0.001500000013038516,17.0
F,0.075,0.65,1.13,2.8255,0.001,0.0005,0.001500000013038516,17.0
F,0.075,0.055,1.13,2.8255,0.001,0.0005,1.0049999952316284,10.0
F,0.075,0.055,1.13,2.8255,0.001,0.0005,0.001500000013038516,12.0
F,0.075,0.65,1.13,2.8255,0.001,0.0005,0.001500000013038516,5.0
F,0.815,0.055,1.13,2.8255,0.001,0.0005,0.001500000013038516,12.0
F,0.815,0.055,1.13,2.8255,0.001,0.0005,0.001500000013038516,5.0
F,0.075,0.65,1.13,2.8255,0.001,0.0005,0.001500000013038516,14.0
M,0.815,0.055,1.13,2.8255,0.001,0.0005,0.001500000013038516,18.0
F,0.075,0.055,1.13,2.8255,0.001,0.0005,1.0049999952316284,6.0
F,0.075,0.055,1.13,2.8255,0.001,0.0005,1.0049999952316284,6.0
I,0.815,0.055,0.0,2.8255,0.001,0.0005,0.001500000013038516,10.0
M,0.815,0.055,1.13,2.8255,0.001,0.0005,0.001500000013038516,14.0
F,0.815,0.055,1.13,2.8255,0.001,0.0005,0.001500000013038516,14.0
F,0.815,0.055,1.13,2.8255,0.001,0.0005,0.001500000013038516,12.0
F,0.815,0.055,1.13,2.8255,0.001,0.0005,1.0049999952316284,12.0
F,0.075,0.65,0.0,2.8255,0.001,0.0005,0.001500000013038516,5.0
F,0.815,0.055,1.13,2.8255,0.001,0.0005,0.001500000013038516,12.0
F,0.815,0.055,1.13,2.8255,0.001,0.0005,0.001500000013038516,10.0
F,0.075,0.65,1.13,2.8255,0.001,0.0005,0.001500000013038516,18.0
F,0.075,0.65,1.13,2.8255,0.001,0.0005,1.0049999952316284,10.0
M,0.815,0.055,1.13,2.8255,0.001,0.0005,0.001500000013038516,14.0
F,0.815,0.055,1.13,2.8255,0.001,0.0005,0.001500000013038516,12.0
F,0.815,0.055,1.13,2.8255,0.001,0.0005,0.001500000013038516,12.0
F,0.075,0.055,1.13,2.8255,0.001,0.0005,0.001500000013038516,12.0
F,0.075,0.055,1.13,2.8255,0.001,0.0005,0.001500000013038516,10.0
F,0.815,0.055,1.13,2.8255,0.001,0.0005,0.001500000013038516,12.0
F,0.075,0.055,1.13,2.8255,0.001,0.0005,0.001500000013038516,16.0
F,0.815,0.055,1.13,2.8255,0.001,0.0005,0.001500000013038516,18.0
I,0.815,0.055,1.13,2.8255,0.001,0.0005,0.001500000013038516,18.0
M,0.815,0.055,1.13,0.002,1.488,0.0005,0.001500000013038516,14.0
F,0.075,0.65,0.0,2.8255,0.001,0.0005,1.0049999952316284,18.0
F,0.815,0.055,1.13,2.8255,0.001,0.0005,0.001500000013038516,16.0
F,0.075,0.65,1.13,2.8255,0.001,0.0005,0.001500000013038516,5.0
F,0.815,0.055,1.13,2.8255,0.001,0.0005,0.001500000013038516,14.0
F,0.075,0.055,1.13,2.8255,0.001,0.0005,0.001500000013038516,10.0
F,0.815,0.055,1.13,2.8255,0.001,0.0005,0.001500000013038516,12.0
F,0.075,0.65,1.13,2.8255,0.001,0.0005,0.34524714946746826,10.0
F,0.075,0.055,1.13,2.8255,0.001,0.0005,0.001500000013038516,12.0
F,0.075,0.65,1.13,2.8255,0.001,0.0005,0.001500000013038516,5.0
F,0.075,0.65,1.13,2.8255,0.001,0.0005,0.001500000013038516,14.0
M,0.815,0.055,0.0,2.8255,0.001,0.0005,0.001500000013038516,14.0
F,0.075,0.65,1.13,2.8255,0.001,0.0005,1.0049999952316284,5.0
F,0.815,0.055,1.13,2.8255,0.001,0.0005,0.001500000013038516,18.0
F,0.075,0.65,1.13,2.8255,0.001,0.0005,0.001500000013038516,14.0
F,0.075,0.055,1.13,2.8255,0.001,0.0005,0.001500000013038516,16.0
F,0.815,0.055,1.13,2.8255,0.001,0.0005,0.001500000013038516,12.0
F,0.815,0.055,1.13,2.8255,0.001,0.0005,0.001500000013038516,10.0
F,0.815,0.055,1.13,2.8255,0.001,0.0005,0.001500000013038516,12.0
F,0.815,0.055,1.13,2.8255,0.001,0.0005,0.001500000013038516,12.0
F,0.075,0.65,1.13,2.8255,0.001,0.0005,0.001500000013038516,14.0
F,0.815,0.055,1.13,2.8255,0.001,0.0005,0.001500000013038516,10.0
F,0.075,0.65,1.13,2.8255,0.001,0.0005,0.001500000013038516,10.0
F,0.815,0.055,1.13,2.8255,0.001,0.0005,0.001500000013038516,12.0
F,0.815,0.055,1.13,2.8255,0.001,0.0005,0.001500000013038516,5.0
F,0.815,0.055,1.13,2.8255,0.001,0.0005,0.001500000013038516,12.0
F,0.075,0.65,1.13,2.8255,0.001,0.0005,0.001500000013038516,14.0
F,0.075,0.055,1.13,2.8255,0.001,0.0005,0.001500000013038516,10.0
M,0.815,0.055,1.13,2.8255,0.001,0.0005,0.001500000013038516,18.0
F,0.075,0.055,1.13,2.8255,0.001,0.0005,0.001500000013038516,18.0
F,0.075,0.65,1.13,2.8255,0.001,0.0005,0.001500000013038516,10.0
F,0.075,0.055,1.13,2.8255,0.001,0.0005,1.0049999952316284,6.0
F,0.075,0.65,1.13,2.8255,0.001,0.0005,0.001500000013038516,16.0
I,0.815,0.055,1.13,2.8255,0.001,0.0005,1.0049999952316284,18.0
F,0.815,0.055,1.13,2.8255,0.001,0.0005,0.001500000013038516,12.0
M,0.815,0.055,1.13,2.8255,0.001,0.0005,0.001500000013038516,18.0
F,0.815,0.055,1.13,2.8255,0.001,0.0005,0.001500000013038516,12.0
M,0.075,0.65,1.13,2.8255,0.001,0.0005,0.001500000013038516,16.0
I,0.075,0.65,1.13,2.8255,0.001,0.0005,1.0049999952316284,10.0
F,0.815,0.055,1.13,2.8255,0.001,0.0005,0.001500000013038516,12.0
F,0.075,0.65,1.13,2.8255,0.001,0.0005,0.001500000013038516,10.0
F,0.075,0.65,1.13,2.8255,0.001,0.0005,0.001500000013038516,14.0
F,0.075,0.65,1.13,2.8255,0.001,0.0005,0.001500000013038516,10.0
F,0.075,0.65,1.13,2.8255,0.001,0.0005,0.001500000013038516,14.0
F,0.075,0.65,1.13,2.8255,0.001,0.0005,0.001500000013038516,5.0
F,0.815,0.055,1.13,2.8255,0.001,0.0005,0.001500000013038516,18.0
F,0.075,0.055,1.13,2.8255,0.001,0.0005,0.001500000013038516,10.0
I,0.815,0.055,1.13,2.8255,0.001,0.0005,1.0049999952316284,7.0
F,0.075,0.65,1.13,2.8255,0.001,0.0005,1.0049999952316284,10.0
F,0.075,0.65,1.13,2.8255,0.001,0.0005,1.0049999952316284,10.0
F,0.815,0.055,1.13,2.8255,0.001,0.0005,0.001500000013038516,10.0
M,0.815,0.055,1.13,2.8255,0.001,0.0005,0.001500000013038516,18.0
F,0.815,0.055,1.13,2.8255,0.001,0.0005,0.001500000013038516,14.0
I,0.075,0.65,0.0,2.8255,0.001,0.0005,1.0049999952316284,6.0
F,0.815,0.055,1.13,2.8255,0.001,0.0005,0.001500000013038516,12.0
F,0.075,0.055,1.13,2.8255,0.001,0.0005,0.001500000013038516,7.0
F,0.815,0.055,1.13,2.8255,0.001,0.0005,0.001500000013038516,12.0
F,0.815,0.055,1.13,2.8255,0.001,0.0005,0.001500000013038516,12.0
F,0.075,0.65,0.0,2.8255,0.001,0.0005,1.0049999952316284,18.0
M,0.075,0.65,0.0,2.8255,0.001,0.0005,0.001500000013038516,16.0
F,0.075,0.65,0.0,2.8255,0.001,0.0005,1.0049999952316284,15.0
F,0.075,0.65,1.13,2.8255,0.001,0.0005,0.001500000013038516,10.0
F,0.075,0.65,1.13,2.8255,0.001,0.0005,0.001500000013038516,5.0
F,0.075,0.055,1.13,2.8255,0.001,0.0005,0.001500000013038516,10.0
F,0.815,0.055,1.13,2.8255,0.001,0.0005,0.001500000013038516,12.0
F,0.075,0.055,1.13,2.8255,0.001,0.0005,0.001500000013038516,12.0
F,0.815,0.055,1.13,2.8255,0.001,0.0005,0.001500000013038516,12.0
F,0.815,0.055,1.13,2.8255,0.001,0.0005,0.001500000013038516,10.0
F,0.075,0.65,1.13,2.8255,0.001,0.0005,0.001500000013038516,10.0
F,0.075,0.055,1.13,2.8255,0.001,0.0005,1.0049999952316284,11.0
F,0.075,0.65,1.13,2.8255,0.001,0.0005,0.001500000013038516,10.0
M,0.075,0.65,1.13,2.8255,0.001,0.0005,0.001500000013038516,14.0
F,0.815,0.055,1.13,2.8255,0.001,0.0005,0.001500000013038516,18.0
M,0.075,0.65,0.0,2.8255,0.001,0.0005,0.001500000013038516,16.0
F,0.075,0.055,1.13,2.8255,0.001,0.0005,1.0049999952316284,6.0
F,0.075,0.055,1.13,2.8255,0.001,0.0005,0.001500000013038516,10.0
F,0.075,0.65,1.13,2.8255,0.001,0.0005,0.001500000013038516,10.0
F,0.075,0.055,1.13,2.8255,0.001,0.0005,0.001500000013038516,10.0
F,0.075,0.65,1.13,2.8255,0.001,0.0005,0.001500000013038516,10.0
F,0.815,0.055,1.13,2.8255,0.001,0.0005,0.001500000013038516,12.0
F,0.075,0.055,1.13,2.8255,0.001,0.0005,0.001500000013038516,12.0
F,0.815,0.055,1.13,2.8255,0.001,0.0005,0.001500000013038516,10.0
M,0.075,0.65,0.0,2.8255,0.001,0.0005,0.001500000013038516,10.0
M,0.815,0.055,1.13,2.8255,0.001,0.0005,0.001500000013038516,18.0
F,0.075,0.65,1.13,2.8255,0.001,0.0005,0.001500000013038516,16.0
M,0.075,0.65,0.0,2.8255,0.001,0.0005,1.0049999952316284,18.0
F,0.815,0.055,1.13,2.8255,0.001,0.0005,0.001500000013038516,12.0
F,0.075,0.65,1.13,2.8255,0.001,0.0005,1.0049999952316284,10.0
M,0.075,0.65,1.13,2.8255,0.001,0.0005,0.001500000013038516,16.0
M,0.075,0.65,0.0,2.8255,0.001,0.0005,0.001500000013038516,15.0
F,0.815,0.055,1.13,2.8255,0.001,0.0005,0.001500000013038516,12.0
F,0.815,0.055,1.13,2.8255,0.001,0.0005,0.001500000013038516,12.0
M,0.075,0.055,1.13,2.8255,0.001,0.0005,0.001500000013038516,18.0
F,0.075,0.055,1.13,2.8255,0.001,0.0005,1.0049999952316284,6.0
F,0.815,0.055,1.13,2.8255,0.001,0.0005,0.001500000013038516,12.0
F,0.815,0.055,1.13,2.8255,0.001,0.0005,0.001500000013038516,12.0
F,0.075,0.65,1.13,2.8255,0.001,0.0005,0.001500000013038516,16.0
F,0.815,0.055,1.13,2.8255,0.001,0.0005,0.001500000013038516,5.0
F,0.075,0.055,1.13,2.8255,0.001,0.0005,0.001500000013038516,12.0
F,0.075,0.65,1.13,2.8255,0.001,0.0005,1.0049999952316284,10.0
I,0.815,0.055,0.0,2.8255,0.001,0.0005,1.0049999952316284,6.0
F,0.075,0.65,0.0,2.8255,0.001,0.0005,0.001500000013038516,10.0
F,0.075,0.65,1.13,2.8255,0.001,0.0005,1.0049999952316284,10.0
F,0.815,0.055,1.13,2.8255,0.001,0.0005,0.001500000013038516,12.0
F,0.815,0.055,1.13,2.8255,0.001,0.0005,0.001500000013038516,12.0
F,0.075,0.055,1.13,2.8255,0.001,0.0005,1.0049999952316284,6.0
F,0.815,0.055,1.13,2.8255,0.001,0.0005,0.001500000013038516,10.0
F,0.075,0.65,1.13,2.8255,0.001,0.0005,0.001500000013038516,10.0
I,0.075,0.65,0.0,2.8255,0.001,0.0005,1.0049999952316284,6.0
F,0.815,0.055,1.13,2.8255,0.001,0.0005,0.001500000013038516,12.0
F,0.075,0.65,1.13,2.8255,0.001,0.0005,0.001500000013038516,10.0
F,0.815,0.055,1.13,2.8255,0.001,0.0005,0.001500000013038516,12.0
F,0.075,0.65,1.13,2.8255,0.001,0.0005,0.001500000013038516,10.0
F,0.075,0.055,1.13,2.8255,0.001,0.0005,0.001500000013038516,10.0
F,0.815,0.055,1.13,2.8255,0.001,0.0005,0.001500000013038516,12.0
F,0.075,0.055,1.13,2.8255,0.001,0.0005,0.001500000013038516,12.0
M,0.075,0.65,1.13,2.8255,0.001,0.0005,0.001500000013038516,16.0
F,0.075,0.055,1.13,2.8255,0.001,0.0005,0.001500000013038516,10.0
M,0.075,0.65,0.0,2.8255,0.001,0.0005,0.001500000013038516,16.0
F,0.075,0.65,1.13,2.8255,0.001,0.0005,0.001500000013038516,14.0
F,0.815,0.055,1.13,2.8255,0.001,0.0005,0.001500000013038516,10.0
F,0.075,0.65,0.0,2.8255,0.001,0.0005,1.0049999952316284,10.0
F,0.075,0.65,1.13,2.8255,0.001,0.0005,0.001500000013038516,10.0
F,0.815,0.055,1.13,2.8255,0.001,0.0005,0.001500000013038516,12.0
M,0.815,0.055,1.13,2.8255,0.001,0.0005,0.001500000013038516,18.0
F,0.075,0.65,1.13,2.8255,0.001,0.0005,0.001500000013038516,16.0
F,0.075,0.055,1.13,2.8255,0.001,0.0005,1.0049999952316284,6.0
F,0.075,0.65,1.13,2.8255,0.001,0.0005,1.0049999952316284,6.0
F,0.075,0.65,1.13,2.8255,0.001,0.0005,0.001500000013038516,14.0
M,0.075,0.65,1.13,2.8255,0.001,0.0005,0.001500000013038516,18.0
F,0.075,0.65,1.13,2.8255,0.001,0.0005,0.001500000013038516,14.0
F,0.075,0.65,1.13,2.8255,0.001,0.0005,0.06013810262084007,10.0
F,0.075,0.65,1.13,2.8255,0.001,0.0005,0.001500000013038516,16.0
F,0.075,0.65,1.13,2.8255,0.001,0.0005,0.001500000013038516,10.0
M,0.815,0.055,1.13,2.8255,0.001,0.0005,0.001500000013038516,18.0
F,0.075,0.65,1.13,2.8255,0.001,0.0005,0.001500000013038516,10.0
F,0.075,0.055,1.13,2.8255,0.001,0.0005,0.001500000013038516,10.0
F,0.075,0.055,1.13,2.8255,0.001,0.0005,0.001500000013038516,12.0
F,0.075,0.65,1.13,2.8255,0.001,0.0005,0.001500000013038516,10.0
M,0.075,0.65,1.13,2.8255,0.001,0.0005,0.001500000013038516,16.0
F,0.075,0.055,1.13,2.8255,0.001,0.0005,0.001500000013038516,10.0
F,0.815,0.055,1.13,2.8255,0.001,0.0005,0.001500000013038516,10.0
I,0.815,0.055,0.0,2.8255,0.001,0.0005,0.001500000013038516,14.0
M,0.815,0.055,0.0,2.8255,0.001,0.0005,0.001500000013038516,14.0
F,0.075,0.65,1.13,2.8255,0.001,0.0005,0.001500000013038516,16.0
F,0.075,0.65,1.13,2.8255,0.001,0.0005,1.0049999952316284,18.0
F,0.075,0.055,1.13,2.8255,0.001,0.0005,0.001500000013038516,10.0
I,0.815,0.055,1.13,2.8255,0.001,0.0005,0.001500000013038516,12.0
F,0.815,0.055,1.13,2.8255,0.001,0.0005,0.001500000013038516,12.0
F,0.815,0.055,1.13,2.8255,0.001,0.0005,0.001500000013038516,18.0
F,0.075,0.65,0.0004407369,2.8255,0.001,0.0005,0.001500000013038516,5.0
F,0.815,0.055,1.13,2.8255,0.001,0.0005,0.001500000013038516,12.0
F,0.815,0.055,1.13,2.8255,0.001,0.0005,0.001500000013038516,14.0
M,0.075,0.65,1.13,2.8255,0.001,0.0005,0.001500000013038516,16.0
F,0.815,0.055,1.13,2.8255,0.001,0.0005,0.001500000013038516,6.0
M,0.075,0.65,0.0,2.8255,0.001,0.0005,0.001500000013038516,16.0
F,0.075,0.055,1.13,2.8255,0.001,0.0005,0.001500000013038516,12.0
F,0.075,0.65,1.13,2.8255,0.001,0.0005,0.001500000013038516,12.0
F,0.815,0.055,1.13,2.8255,0.001,0.0005,0.001500000013038516,12.0
F,0.815,0.055,1.13,2.8255,0.001,0.0005,0.001500000013038516,12.0
F,0.815,0.055,1.13,2.8255,0.001,0.0005,0.001500000013038516,10.0
F,0.075,0.65,1.13,2.8255,0.001,0.0005,1.0049999952316284,6.0
F,0.815,0.055,1.13,2.8255,0.001,0.0005,0.001500000013038516,12.0
F,0.815,0.055,1.13,2.8255,0.001,0.0005,1.0049999952316284,6.0
F,0.075,0.055,1.13,2.8255,0.001,0.0005,0.001500000013038516,10.0
F,0.075,0.65,1.13,2.8255,0.001,0.0005,0.001500000013038516,10.0
F,0.075,0.65,1.13,2.8255,0.001,0.0005,0.001500000013038516,14.0
M,0.815,0.055,1.13,2.8255,0.001,0.0005,0.001500000013038516,18.0
F,0.815,0.055,1.13,2.8255,0.001,0.0005,0.001500000013038516,12.0
F,0.075,0.65,1.13,2.8255,0.001,0.0005,0.001500000013038516,5.0
M,0.815,0.055,1.13,2.8255,0.001,0.0005,0.001500000013038516,18.0
I,0.815,0.055,1.13,2.8255,0.001,0.0005,0.001500000013038516,18.0
F,0.815,0.055,1.13,2.8255,0.001,0.0005,0.001500000013038516,18.0
F,0.075,0.055,1.13,2.8255,0.001,0.0005,0.001500000013038516,12.0
F,0.815,0.055,1.13,2.8255,0.001,0.0005,0.001500000013038516,10.0
F,0.075,0.055,1.13,2.8255,0.001,0.0005,0.001500000013038516,10.0
F,0.075,0.65,1.13,2.8255,0.001,0.0005,0.001500000013038516,16.0
F,0.075,0.055,1.13,2.8255,0.001,0.0005,0.001500000013038516,12.0
F,0.075,0.65,1.13,2.8255,0.001,0.0005,0.001500000013038516,14.0
F,0.815,0.055,1.13,2.8255,0.001,0.0005,0.001500000013038516,12.0
F,0.075,0.65,1.13,2.8255,0.001,0.0005,1.0049999952316284,6.0
F,0.815,0.055,1.13,2.8255,0.001,0.0005,0.001500000013038516,10.0
F,0.815,0.055,1.13,2.8255,0.001,0.0005,0.001500000013038516,17.0
F,0.075,0.65,1.13,2.8255,0.001,0.0005,0.9553132653236389,10.0
F,0.815,0.055,1.13,2.8255,0.001,0.0005,0.001500000013038516,10.0
F,0.815,0.055,1.13,2.8255,0.001,0.0005,0.001500000013038516,10.0
F,0.075,0.65,1.13,2.8255,0.001,0.0005,0.001500000013038516,14.0
F,0.815,0.055,1.13,2.8255,0.001,0.0005,0.001500000013038516,10.0
F,0.815,0.055,1.13,2.8255,0.001,0.0005,1.0049999952316284,6.0
F,0.075,0.055,1.13,2.8255,0.001,0.0005,0.001500000013038516,10.0
F,0.815,0.055,1.13,2.8255,0.001,0.0005,1.0049999952316284,9.0
F,0.075,0.055,1.13,2.8255,0.001,0.0005,0.001500000013038516,14.0
F,0.075,0.65,1.13,2.8255,0.001,0.0005,0.001500000013038516,10.0
F,0.075,0.055,1.13,2.8255,0.001,0.0005,0.001500000013038516,12.0
F,0.075,0.65,1.13,2.8255,0.001,0.0005,0.001500000013038516,16.0
F,0.075,0.65,1.13,2.8255,0.001,0.0005,1.0049999952316284,10.0
F,0.075,0.055,1.13,2.8255,0.001,0.0005,1.0049999952316284,6.0
F,0.075,0.65,1.13,2.8255,0.001,0.0005,0.001500000013038516,14.0
F,0.075,0.65,1.13,2.8255,0.001,0.0005,0.001500000013038516,10.0
F,0.815,0.055,1.13,2.8255,0.001,0.0005,0.001500000013038516,12.0
F,0.075,0.65,1.13,2.8255,0.001,0.0005,0.001500000013038516,16.0
F,0.075,0.055,1.13,2.8255,0.001,0.0005,1.0049999952316284,6.0
F,0.075,0.055,1.13,2.8255,0.001,0.0005,0.001500000013038516,14.0
I,0.815,0.055,0.0,2.8255,0.001,0.0005,0.001500000013038516,12.0
F,0.075,0.055,1.13,2.8255,0.001,0.0005,0.001500000013038516,12.0
I,0.815,0.055,0.0,2.8255,0.001,0.0005,0.001500000013038516,12.0
F,0.075,0.65,1.13,2.8255,0.001,0.0005,0.001500000013038516,10.0
F,0.075,0.65,1.13,2.8255,0.001,0.0005,0.001500000013038516,16.0
F,0.815,0.055,1.13,2.8255,0.001,0.0005,0.001500000013038516,12.0
F,0.815,0.055,1.13,2.8255,0.001,0.0005,0.001500000013038516,12.0
M,0.075,0.055,1.13,2.8255,0.001,0.0005,0.001500000013038516,14.0
F,0.075,0.65,1.13,2.8255,0.001,0.0005,0.001500000013038516,14.0
F,0.815,0.055,1.13,2.8255,0.001,0.0005,0.001500000013038516,12.0
F,0.815,0.055,1.13,2.8255,0.001,0.0005,0.001500000013038516,12.0
F,0.815,0.055,1.13,2.8255,0.001,0.0005,0.001500000013038516,10.0
I,0.075,0.65,0.0,2.8255,0.001,0.0005,1.0049999952316284,6.0
F,0.075,0.65,1.13,2.8255,0.001,0.0005,0.001500000013038516,10.0
F,0.075,0.055,1.13,2.8255,0.001,0.0005,0.001500000013038516,14.0
F,0.815,0.055,1.13,2.8255,0.001,0.0005,0.001500000013038516,10.0
M,0.815,0.055,1.13,2.8255,0.001,0.0005,0.001500000013038516,18.0
F,0.075,0.65,0.0,2.8255,0.001,0.0005,1.0049999952316284,6.0
F,0.815,0.055,1.13,2.8255,0.001,0.0005,0.001500000013038516,5.0
F,0.075,0.65,1.13,2.8255,0.001,0.0005,1.0049999952316284,5.0
F,0.815,0.055,1.13,2.8255,0.001,0.0005,0.001500000013038516,18.0
F,0.075,0.65,1.13,2.8255,0.001,0.0005,1.0049999952316284,6.0
F,0.075,0.65,1.13,2.8255,0.001,0.0005,0.001500000013038516,10.0
I,0.815,0.055,1.13,2.8255,0.001,0.0005,0.001500000013038516,5.0
F,0.075,0.055,1.13,2.8255,0.001,0.0005,0.001500000013038516,10.0
F,0.075,0.65,1.13,2.8255,0.001,0.0005,0.001500000013038516,10.0
F,0.075,0.055,1.13,2.8255,0.001,0.0005,1.0049999952316284,6.0
M,0.815,0.055,1.13,2.8255,0.001,0.0005,0.001500000013038516,18.0
F,0.815,0.055,1.13,2.8255,0.001,0.0005,0.001500000013038516,12.0
F,0.075,0.65,1.13,2.8255,0.001,0.0005,0.001500000013038516,10.0
M,0.815,0.055,1.13,2.8255,0.001,0.0005,0.001500000013038516,18.0
F,0.075,0.055,1.13,2.8255,0.001,0.0005,0.001500000013038516,10.0
F,0.815,0.055,0.0,2.8255,0.001,0.0005,0.001500000013038516,12.0
F,0.075,0.055,1.13,2.8255,0.001,0.0005,0.001500000013038516,10.0
F,0.075,0.65,1.13,2.8255,0.001,0.0005,0.001500000013038516,10.0
M,0.815,0.055,1.13,2.8255,0.001,0.0005,0.001500000013038516,14.0
F,0.815,0.055,1.13,2.8255,0.001,0.0005,0.001500000013038516,5.0
F,0.815,0.055,1.13,2.8255,0.001,0.0005,0.001500000013038516,12.0
M,0.815,0.055,1.13,2.8255,0.001,0.0005,0.001500000013038516,14.0
M,0.815,0.055,1.13,2.8255,0.001,0.0005,0.001500000013038516,18.0
F,0.815,0.055,1.13,2.8255,0.001,0.0005,0.001500000013038516,18.0
F,0.815,0.055,1.13,2.8255,0.001,0.0005,0.001500000013038516,5.0
F,0.815,0.055,1.13,2.8255,0.001,0.0005,0.001500000013038516,12.0
F,0.075,0.65,1.13,2.8255,0.001,0.0005,0.001500000013038516,10.0
M,0.815,0.055,1.13,2.8255,0.001,0.0005,0.001500000013038516,18.0
F,0.815,0.055,1.13,2.8255,0.001,0.0005,0.001500000013038516,10.0
M,0.815,0.055,1.13,2.8255,0.001,0.0005,0.001500000013038516,14.0
F,0.075,0.65,1.13,2.8255,0.001,0.0005,0.001500000013038516,10.0
F,0.075,0.65,1.13,2.8255,0.001,0.0005,0.001500000013038516,5.0
F,0.075,0.65,1.13,2.8255,0.001,0.0005,0.001500000013038516,10.0
F,0.075,0.65,1.13,2.8255,0.001,0.0005,0.001500000013038516,14.0
F,0.075,0.055,1.13,2.8255,0.001,0.0005,0.001500000013038516,10.0
F,0.075,0.65,1.13,2.8255,0.001,0.0005,0.001500000013038516,18.0
F,0.075,0.65,1.13,2.8255,0.001,0.0005,0.001500000013038516,16.0
F,0.815,0.055,1.13,2.8255,0.001,0.0005,0.001500000013038516,10.0
F,0.075,0.65,0.0,2.8255,0.001,0.0005,0.001500000013038516,18.0
F,0.815,0.055,1.13,2.8255,0.001,0.0005,0.001500000013038516,10.0
F,0.075,0.65,1.13,2.8255,0.001,0.0005,0.001500000013038516,16.0
F,0.815,0.055,1.13,2.8255,0.001,0.0005,1.0049999952316284,7.0
M,0.815,0.055,0.0,2.8255,0.001,0.0005,0.001500000013038516,14.0
F,0.815,0.055,1.13,2.8255,0.001,0.0005,0.001500000013038516,12.0
M,0.815,0.055,1.13,2.8255,0.001,0.0005,0.001500000013038516,18.0
F,0.815,0.055,1.13,2.8255,0.001,0.0005,0.001500000013038516,5.0
F,0.075,0.65,1.13,2.8255,0.001,0.0005,1.0049999952316284,18.0
F,0.075,0.65,1.13,2.8255,0.001,0.0005,0.001500000013038516,10.0
F,0.075,0.055,1.13,2.8255,0.001,0.0005,0.001500000013038516,12.0
F,0.075,0.65,1.13,2.8255,0.001,0.0005,0.001500000013038516,10.0
F,0.815,0.055,1.13,2.8255,0.001,0.0005,0.001500000013038516,10.0
M,0.815,0.055,0.0,2.8255,0.001,0.0005,0.001500000013038516,16.0
F,0.075,0.65,1.13,2.8255,0.001,0.0005,0.001500000013038516,17.0
F,0.815,0.055,1.13,2.8255,0.001,0.0005,0.001500000013038516,18.0
F,0.815,0.055,0.0,2.8255,0.001,0.0005,0.001500000013038516,12.0
F,0.815,0.055,1.13,2.8255,0.001,0.0005,0.001500000013038516,12.0
M,0.815,0.055,1.13,2.8255,0.001,0.0005,0.001500000013038516,14.0
F,0.815,0.055,1.13,2.8255,0.001,0.0005,0.001500000013038516,12.0
F,0.815,0.055,1.13,2.8255,0.001,0.0005,0.001500000013038516,10.0
F,0.075,0.65,1.13,2.8255,0.001,0.0005,0.001500000013038516,14.0
F,0.815,0.055,1.13,2.8255,0.001,0.0005,0.001500000013038516,12.0
M,0.075,0.65,1.13,2.8255,0.001,0.0005,0.001500000013038516,16.0
F,0.075,0.65,1.13,2.8255,0.001,0.0005,0.001500000013038516,16.0
F,0.075,0.65,1.13,2.8255,0.001,0.0005,0.001500000013038516,10.0
F,0.075,0.65,1.13,2.8255,0.001,0.0005,0.001500000013038516,10.0
F,0.075,0.65,1.13,2.8255,0.001,0.0005,0.001500000013038516,14.0
F,0.815,0.055,1.13,2.8255,0.001,0.0005,0.001500000013038516,5.0
F,0.075,0.055,1.13,2.8255,0.001,0.0005,0.001500000013038516,10.0
F,0.075,0.65,1.13,2.8255,0.001,0.0005,0.001500000013038516,16.0
M,0.075,0.65,1.13,2.8255,0.001,0.0005,0.001500000013038516,16.0
M,0.075,0.65,1.13,2.8255,0.001,0.0005,0.001500000013038516,16.0
F,0.815,0.055,1.13,2.8255,0.001,0.0005,0.001500000013038516,12.0
M,0.815,0.055,1.13,2.8255,0.001,0.0005,0.001500000013038516,16.0
F,0.815,0.055,1.13,2.8255,0.001,0.0005,0.001500000013038516,12.0
F,0.075,0.055,1.13,2.8255,0.001,0.0005,0.001500000013038516,10.0
F,0.075,0.65,1.13,2.8255,0.001,0.0005,0.001500000013038516,14.0
F,0.815,0.055,1.13,2.8255,0.001,0.0005,0.001500000013038516,14.0
F,0.075,0.65,1.13,2.8255,0.001,0.0005,0.001500000013038516,10.0
F,0.075,0.055,1.13,2.8255,0.001,0.0005,0.001500000013038516,10.0
F,0.075,0.65,1.13,2.8255,0.001,0.0005,0.001500000013038516,16.0
F,0.815,0.055,1.13,2.8255,0.001,0.0005,0.001500000013038516,12.0
F,0.815,0.055,1.13,2.8255,0.001,0.0005,0.001500000013038516,12.0
M,0.075,0.65,1.13,2.8255,0.001,0.0005,0.001500000013038516,18.0
F,0.075,0.65,1.13,2.8255,0.001,0.0005,0.001500000013038516,17.0
M,0.075,0.65,1.13,2.8255,0.001,0.0005,0.001500000013038516,16.0
F,0.815,0.055,1.13,2.8255,0.001,0.0005,0.001500000013038516,12.0
M,0.075,0.65,0.0,2.8255,0.001,0.0005,0.001500000013038516,5.0
F,0.815,0.055,1.13,2.8255,0.001,0.0005,0.001500000013038516,7.0
F,0.815,0.055,1.13,2.8255,0.001,0.0005,0.001500000013038516,14.0
F,0.075,0.65,1.13,2.8255,0.001,0.0005,0.001500000013038516,16.0
F,0.075,0.65,0.0,2.8255,0.001,0.0005,0.001500000013038516,5.0
F,0.815,0.055,1.13,2.8255,0.001,0.0005,0.001500000013038516,12.0
F,0.075,0.055,1.13,2.8255,0.001,0.0005,0.001500000013038516,10.0
F,0.075,0.65,1.13,2.8255,0.001,0.0005,0.001500000013038516,16.0
F,0.075,0.65,1.13,2.8255,0.001,0.0005,0.001500000013038516,10.0
F,0.815,0.055,1.13,2.8255,0.001,0.0005,0.001500000013038516,12.0
F,0.075,0.65,1.13,2.8255,0.001,0.0005,0.001500000013038516,10.0
M,0.075,0.65,1.13,2.8255,0.001,0.0005,0.001500000013038516,16.0
F,0.815,0.055,1.13,2.8255,0.001,0.0005,0.001500000013038516,12.0
F,0.075,0.055,1.13,2.8255,0.001,0.0005,0.001500000013038516,10.0
F,0.075,0.65,1.13,2.8255,0.001,0.0005,0.001500000013038516,10.0
F,0.075,0.65,1.13,2.8255,0.001,0.0005,0.001500000013038516,10.0
F,0.815,0.055,1.13,2.8255,0.001,0.0005,0.001500000013038516,14.0
F,0.075,0.055,1.13,2.8255,0.001,0.0005,0.001500000013038516,10.0
F,0.075,0.055,1.13,2.8255,0.001,0.0005,0.001500000013038516,10.0
F,0.815,0.055,1.13,2.8255,0.001,0.0005,0.001500000013038516,12.0
M,0.075,0.65,0.0,2.8255,0.001,0.0005,0.001500000013038516,16.0
F,0.075,0.65,1.13,2.8255,0.001,0.0005,0.001500000013038516,14.0
M,0.815,0.055,1.13,2.8255,0.001,0.0005,0.001500000013038516,18.0
F,0.815,0.055,1.13,2.8255,0.001,0.0005,1.0049999952316284,7.0
F,0.815,0.055,1.13,2.8255,0.001,0.0005,0.001500000013038516,12.0
M,0.815,0.055,1.13,2.8255,0.001,0.0005,0.001500000013038516,18.0
F,0.075,0.65,0.001969941,2.8255,0.001,0.0005,0.001500000013038516,5.0
F,0.075,0.65,1.13,2.8255,0.001,0.0005,0.001500000013038516,14.0
F,0.815,0.055,1.13,2.8255,0.001,0.0005,0.001500000013038516,14.0
F,0.075,0.65,1.13,2.8255,0.001,0.0005,0.001500000013038516,10.0
F,0.075,0.65,1.13,2.8255,0.001,0.0005,0.001500000013038516,10.0
F,0.075,0.65,1.13,2.8255,0.001,0.0005,0.001500000013038516,10.0
F,0.075,0.055,1.13,2.8255,0.001,0.0005,0.001500000013038516,10.0
F,0.075,0.055,1.13,2.8255,0.001,0.0005,0.001500000013038516,12.0
F,0.075,0.65,1.13,2.8255,0.001,0.0005,0.001500000013038516,16.0
F,0.075,0.65,1.13,2.8255,0.001,0.0005,0.001500000013038516,10.0
F,0.075,0.65,0.0,2.8255,0.001,0.0005,1.0049999952316284,10.0
F,0.075,0.65,1.13,2.8255,0.001,0.0005,0.001500000013038516,10.0
F,0.815,0.055,1.13,2.8255,0.001,0.0005,0.001500000013038516,14.0
F,0.075,0.65,1.13,2.8255,0.001,0.0005,0.001500000013038516,10.0
F,0.075,0.65,0.0,2.8255,0.001,0.0005,1.0049999952316284,10.0
F,0.815,0.055,1.13,2.8255,0.001,0.0005,0.001500000013038516,4.0
F,0.075,0.055,1.13,2.8255,0.001,0.0005,0.001500000013038516,12.0
M,0.075,0.65,1.13,2.8255,0.001,0.0005,0.001500000013038516,16.0
F,0.815,0.055,1.13,2.8255,0.001,0.0005,0.001500000013038516,12.0
M,0.075,0.65,1.13,2.8255,0.001,0.0005,0.001500000013038516,16.0
F,0.075,0.055,1.13,2.8255,0.001,0.0005,0.001500000013038516,16.0
F,0.075,0.65,1.13,2.8255,0.001,0.0005,0.001500000013038516,5.0
F,0.815,0.055,1.13,2.8255,0.001,0.0005,0.001500000013038516,12.0
F,0.815,0.055,1.13,2.8255,0.001,0.0005,0.001500000013038516,10.0
F,0.075,0.65,1.13,2.8255,0.001,0.0005,0.001500000013038516,10.0
F,0.815,0.055,1.13,2.8255,0.001,0.0005,0.001500000013038516,12.0
F,0.075,0.65,0.0,2.8255,0.001,0.0005,1.0049999952316284,6.0
I,0.815,0.055,1.13,2.8255,0.001,0.0005,0.001500000013038516,9.0
F,0.075,0.65,1.13,2.8255,0.001,0.0005,0.001500000013038516,10.0
F,0.075,0.65,1.13,2.8255,0.001,0.0005,0.001500000013038516,10.0
F,0.075,0.65,1.13,2.8255,0.001,0.0005,0.001500000013038516,10.0
F,0.815,0.055,1.13,2.8255,0.001,0.0005,0.001500000013038516,12.0
F,0.815,0.055,1.13,2.8255,0.001,0.0005,0.001500000013038516,14.0
F,0.815,0.055,1.13,2.8255,0.001,0.0005,0.001500000013038516,12.0
F,0.075,0.65,1.13,2.8255,0.001,0.0005,0.001500000013038516,10.0
M,0.815,0.055,1.13,2.8255,0.001,0.0005,0.001500000013038516,5.0
F,0.815,0.055,1.13,2.8255,0.001,0.0005,0.001500000013038516,12.0
F,0.815,0.055,1.13,2.8255,0.001,0.0005,0.001500000013038516,12.0
M,0.075,0.65,0.0,2.8255,0.001,0.0005,0.001500000013038516,5.0
F,0.815,0.055,1.13,2.8255,0.001,0.0005,0.001500000013038516,18.0
F,0.075,0.65,0.0,2.8255,0.001,0.0005,0.001500000013038516,5.0
F,0.075,0.65,1.13,2.8255,0.001,0.0005,0.001500000013038516,14.0
F,0.815,0.055,1.13,2.8255,0.001,0.0005,0.001500000013038516,5.0
F,0.815,0.055,1.13,2.8255,0.001,0.0005,0.001500000013038516,12.0
M,0.815,0.055,0.0,2.8255,0.001,0.0005,0.001500000013038516,16.0
F,0.815,0.055,1.13,2.8255,0.001,0.0005,0.001500000013038516,10.0
F,0.075,0.65,1.13,2.8255,0.001,0.0005,0.001500000013038516,5.0
F,0.075,0.055,1.13,2.8255,0.001,0.0005,0.001500000013038516,10.0
F,0.075,0.65,1.13,2.8255,0.001,0.0005,0.001500000013038516,14.0
F,0.075,0.65,1.13,2.8255,0.001,0.0005,0.001500000013038516,14.0
F,0.075,0.055,1.13,2.8255,0.001,0.0005,1.0049999952316284,6.0
F,0.815,0.055,1.13,2.8255,0.001,0.0005,0.001500000013038516,12.0
F,0.075,0.65,1.13,2.8255,0.001,0.0005,0.001500000013038516,10.0
F,0.815,0.055,1.13,2.8255,0.001,0.0005,1.0049999952316284,6.0
F,0.815,0.055,1.13,2.8255,0.001,0.0005,1.0049999952316284,7.0
F,0.075,0.65,1.13,2.8255,0.001,0.0005,0.001500000013038516,10.0
F,0.075,0.65,1.13,2.8255,0.001,0.0005,1.0049999952316284,10.0
F,0.075,0.65,1.13,2.8255,0.001,0.0005,0.001500000013038516,10.0
M,0.075,0.65,1.13,2.8255,0.001,0.0005,0.001500000013038516,16.0
F,0.815,0.055,1.13,2.8255,0.001,0.0005,0.001500000013038516,12.0
F,0.815,0.055,1.13,2.8255,0.001,0.0005,0.001500000013038516,12.0
F,0.075,0.055,1.13,2.8255,0.001,0.0005,0.001500000013038516,12.0
F,0.075,0.055,1.13,2.8255,0.001,0.0005,0.001500000013038516,12.0
I,0.815,0.055,1.13,2.8255,0.001,0.0005,1.0049999952316284,11.0
F,0.075,0.65,1.13,2.8255,0.001,0.0005,0.001500000013038516,10.0
I,0.815,0.055,1.13,2.8255,0.001,0.0005,0.001500000013038516,10.0
F,0.075,0.055,1.13,2.8255,0.001,0.0005,0.001500000013038516,14.0
F,0.815,0.055,1.13,2.8255,0.001,0.0005,0.001500000013038516,12.0
M,0.815,0.055,0.0,2.8255,0.001,0.0005,0.001500000013038516,14.0
F,0.075,0.65,1.13,2.8255,0.001,0.0005,0.001500000013038516,10.0
F,0.075,0.65,1.13,2.8255,0.001,0.0005,0.001500000013038516,10.0
F,0.075,0.055,1.13,2.8255,0.001,0.0005,0.001500000013038516,14.0
F,0.815,0.055,1.13,2.8255,0.001,0.0005,0.001500000013038516,12.0
F,0.075,0.055,1.13,2.8255,0.001,0.0005,0.001500000013038516,10.0
F,0.075,0.65,0.0,2.8255,0.001,0.0005,1.0049999952316284,5.0
F,0.075,0.65,1.13,2.8255,0.001,0.0005,0.001500000013038516,16.0
F,0.815,0.055,1.13,2.8255,0.001,0.0005,0.001500000013038516,10.0
F,0.075,0.65,1.13,2.8255,0.001,0.0005,0.001500000013038516,16.0
F,0.075,0.65,0.0,2.8255,0.001,0.0005,1.0049999952316284,18.0
F,0.815,0.055,1.13,2.8255,0.001,0.0005,0.001500000013038516,12.0
F,0.815,0.055,1.13,2.8255,0.001,0.0005,0.001500000013038516,12.0
F,0.815,0.055,1.13,2.8255,0.001,0.0005,0.001500000013038516,12.0
I,0.815,0.055,1.13,2.8255,0.001,0.0005,1.0049999952316284,12.0
M,0.815,0.055,1.13,2.8255,0.001,0.0005,0.001500000013038516,18.0
F,0.815,0.055,1.13,2.8255,0.001,0.0005,0.001500000013038516,12.0
I,0.815,0.055,0.0,2.8255,0.001,0.0005,1.0049999952316284,12.0
F,0.075,0.055,1.13,2.8255,0.001,0.0005,0.001500000013038516,10.0
F,0.815,0.055,1.13,2.8255,0.001,0.0005,0.001500000013038516,12.0
M,0.075,0.055,1.13,2.8255,0.001,0.0005,0.001500000013038516,18.0
F,0.815,0.055,1.13,2.8255,0.001,0.0005,0.001500000013038516,10.0
F,0.075,0.055,1.13,2.8255,0.001,0.0005,0.001500000013038516,10.0
M,0.075,0.65,1.13,2.8255,0.001,0.0005,0.001500000013038516,16.0
F,0.075,0.055,1.13,2.8255,0.001,0.0005,1.0049999952316284,10.0
F,0.815,0.055,1.13,2.8255,0.001,0.0005,0.001500000013038516,12.0
F,0.075,0.65,1.13,2.8255,0.001,0.0005,1.0049999952316284,10.0
F,0.075,0.65,1.13,2.8255,0.001,0.0005,0.001500000013038516,5.0
M,0.075,0.65,1.13,2.8255,0.001,0.0005,0.001500000013038516,16.0
F,0.815,0.055,1.13,2.8255,0.001,0.0005,0.001500000013038516,12.0
M,0.815,0.055,1.13,2.8255,0.001,0.0005,0.001500000013038516,14.0
F,0.075,0.65,1.13,2.8255,0.001,0.0005,0.001500000013038516,16.0
F,0.075,0.65,1.13,2.8255,0.001,0.0005,0.001500000013038516,10.0
I,0.815,0.055,1.13,2.8255,0.001,0.0005,0.001500000013038516,12.0
F,0.815,0.055,1.13,2.8255,0.001,0.0005,0.001500000013038516,12.0
F,0.075,0.055,1.13,2.8255,0.001,0.0005,0.001500000013038516,12.0
M,0.075,0.65,1.13,2.8255,0.001,0.0005,0.001500000013038516,5.0
F,0.075,0.65,1.13,2.8255,0.001,0.0005,0.001500000013038516,18.0
F,0.075,0.055,1.13,2.8255,0.001,0.0005,0.001500000013038516,10.0
F,0.075,0.65,1.13,2.8255,0.001,0.0005,0.001500000013038516,18.0
F,0.815,0.055,1.13,2.8255,0.001,0.0005,0.001500000013038516,12.0
F,0.075,0.65,0.0,2.8255,0.001,0.0005,1.0049999952316284,6.0
F,0.815,0.055,1.13,2.8255,0.001,0.0005,0.001500000013038516,12.0
F,0.815,0.055,1.13,2.8255,0.001,0.0005,0.001500000013038516,12.0
F,0.075,0.65,1.13,2.8255,0.001,0.0005,1.0049999952316284,10.0
F,0.815,0.055,1.13,2.8255,0.001,0.0005,0.001500000013038516,10.0
F,0.815,0.055,1.13,2.8255,0.001,0.0005,0.001500000013038516,12.0
I,0.815,0.055,0.0,2.8255,0.001,0.0005,0.001500000013038516,8.0
F,0.075,0.65,1.13,2.8255,0.001,0.0005,0.001500000013038516,16.0
F,0.815,0.055,1.13,2.8255,0.001,0.0005,0.001500000013038516,12.0
F,0.815,0.055,1.13,2.8255,0.001,0.0005,0.001500000013038516,12.0
F,0.075,0.65,1.13,2.8255,0.001,0.0005,0.001500000013038516,16.0
F,0.075,0.65,1.13,2.8255,0.001,0.0005,0.001500000013038516,16.0
F,0.075,0.65,0.0,2.8255,0.001,0.0005,1.0049999952316284,18.0
F,0.075,0.65,1.13,2.8255,0.001,0.0005,0.001500000013038516,14.0
F,0.815,0.055,1.13,2.8255,0.001,0.0005,0.001500000013038516,12.0
F,0.815,0.055,1.13,2.8255,0.001,0.0005,0.001500000013038516,12.0
F,0.815,0.055,1.13,2.8255,0.001,0.0005,0.001500000013038516,18.0
F,0.075,0.055,1.13,2.8255,0.001,0.0005,0.001500000013038516,12.0
F,0.075,0.65,0.0,2.8255,0.001,0.0005,0.001500000013038516,18.0
F,0.815,0.055,1.13,2.8255,0.001,0.0005,0.001500000013038516,12.0
F,0.075,0.055,1.13,2.8255,0.001,0.0005,0.001500000013038516,12.0
M,0.815,0.055,1.13,2.8255,0.001,0.0005,0.001500000013038516,18.0
F,0.075,0.65,1.13,2.8255,0.001,0.0005,0.001500000013038516,16.0
M,0.815,0.055,0.0,2.8255,0.001,0.0005,0.001500000013038516,16.0
F,0.075,0.65,1.13,2.8255,0.001,0.0005,0.001500000013038516,5.0
F,0.815,0.055,1.13,2.8255,0.001,0.0005,0.001500000013038516,12.0
F,0.075,0.65,1.13,2.8255,0.001,0.0005,0.001500000013038516,10.0
F,0.075,0.055,1.13,2.8255,0.001,0.0005,0.001500000013038516,10.0
M,0.075,0.65,1.13,2.8255,0.001,0.0005,0.001500000013038516,18.0
F,0.075,0.65,1.13,0.57556313,0.001,0.0005,0.001500000013038516,16.0
F,0.075,0.65,1.13,2.8255,0.001,0.0005,0.001500000013038516,5.0
M,0.075,0.65,1.13,2.8255,0.001,0.0005,0.001500000013038516,16.0
F,0.075,0.65,1.13,2.8255,0.001,0.0005,0.001500000013038516,10.0
F,0.075,0.65,1.13,2.8255,0.001,0.0005,1.0049999952316284,6.0
F,0.075,0.65,1.13,2.8255,0.001,0.0005,0.001500000013038516,14.0
F,0.075,0.055,1.13,2.8255,0.001,0.0005,0.001500000013038516,12.0
F,0.075,0.055,1.13,2.8255,0.001,0.0005,0.001500000013038516,10.0
F,0.075,0.65,1.13,2.8255,0.001,0.0005,0.001500000013038516,10.0
F,0.815,0.055,1.13,2.8255,0.001,0.0005,0.001500000013038516,12.0
M,0.815,0.055,0.0,2.8255,0.001,0.0005,0.001500000013038516,14.0
F,0.815,0.055,1.13,2.8255,0.001,0.0005,0.001500000013038516,12.0
F,0.075,0.055,1.13,2.8255,0.001,0.0005,1.0049999952316284,10.0
F,0.075,0.65,1.13,2.8255,0.001,0.0005,0.001500000013038516,10.0
I,0.815,0.055,0.0,2.8255,0.001,0.0005,0.001500000013038516,12.0
F,0.075,0.055,1.13,2.8255,0.001,0.0005,0.001500000013038516,10.0
F,0.075,0.65,1.13,2.8255,0.001,0.0005,0.001500000013038516,10.0
F,0.815,0.055,1.13,2.8255,0.001,0.0005,0.001500000013038516,10.0
F,0.815,0.055,1.13,2.8255,0.001,0.0005,0.001500000013038516,10.0
F,0.075,0.65,1.13,2.8255,0.001,0.0005,0.001500000013038516,10.0
F,0.815,0.055,1.13,2.8255,0.001,0.0005,0.001500000013038516,10.0
F,0.075,0.055,1.13,2.8255,0.001,0.0005,0.001500000013038516,10.0
F,0.815,0.055,1.13,2.8255,0.001,0.0005,0.001500000013038516,5.0
F,0.815,0.055,1.13,2.8255,0.001,0.0005,0.001500000013038516,12.0
F,0.815,0.055,1.13,2.8255,0.001,0.0005,0.001500000013038516,16.0
F,0.075,0.65,1.13,2.8255,0.001,0.0005,0.001500000013038516,16.0
F,0.815,0.055,1.13,2.8255,0.001,0.0005,0.001500000013038516,12.0
F,0.075,0.65,1.13,2.8255,0.001,0.0005,1.0049999952316284,15.0
F,0.075,0.055,1.13,2.8255,0.001,0.0005,0.001500000013038516,10.0
F,0.815,0.055,1.13,2.8255,0.001,0.0005,0.001500000013038516,12.0
M,0.815,0.055,1.13,2.8255,0.001,0.0005,0.001500000013038516,18.0
F,0.815,0.055,1.13,2.8255,0.001,0.0005,0.001500000013038516,12.0
F,0.815,0.055,1.13,2.8255,0.001,0.0005,0.001500000013038516,12.0
M,0.075,0.65,0.0,2.8255,0.001,0.0005,0.001500000013038516,16.0
M,0.815,0.055,1.13,2.8255,0.001,0.0005,0.001500000013038516,14.0
M,0.815,0.055,0.0,2.8255,0.001,0.0005,0.001500000013038516,16.0
F,0.075,0.65,1.13,2.8255,0.001,0.0005,0.001500000013038516,10.0
F,0.815,0.055,1.13,2.8255,0.001,0.0005,0.001500000013038516,12.0
F,0.815,0.055,1.13,2.8255,0.001,0.0005,0.001500000013038516,12.0
F,0.075,0.65,1.13,2.8255,0.001,0.0005,0.001500000013038516,16.0
F,0.815,0.055,1.13,2.8255,0.001,0.0005,0.001500000013038516,12.0
F,0.815,0.055,1.13,2.8255,0.001,0.0005,0.001500000013038516,5.0
F,0.815,0.055,1.13,2.8255,0.001,0.0005,0.001500000013038516,12.0
M,0.815,0.055,1.13,2.8255,0.001,0.0005,0.001500000013038516,18.0
F,0.075,0.65,0.0,2.8255,0.001,0.0005,1.0049999952316284,18.0
F,0.815,0.055,1.13,2.8255,0.001,0.0005,0.001500000013038516,18.0
M,0.075,0.65,0.09,2.8255,0.001,0.0005,0.001500000013038516,16.0
F,0.075,0.055,1.13,2.8255,0.001,0.0005,0.001500000013038516,12.0
I,0.815,0.055,1.13,2.8255,0.001,0.0005,0.001500000013038516,17.0
F,0.075,0.65,1.13,2.8255,0.001,0.0005,0.001500000013038516,14.0
F,0.075,0.65,1.13,2.8255,0.001,0.0005,0.001500000013038516,16.0
F,0.815,0.055,1.13,2.8255,0.001,0.0005,0.001500000013038516,12.0
F,0.075,0.65,1.13,2.8255,0.001,0.0005,0.001500000013038516,16.0
F,0.075,0.65,1.13,2.8255,0.001,0.0005,0.001500000013038516,10.0
F,0.815,0.055,1.13,2.8255,0.001,0.0005,0.001500000013038516,12.0
I,0.815,0.055,1.13,2.8255,0.001,0.0005,0.001500000013038516,16.0
M,0.075,0.65,1.13,2.8255,0.001,0.0005,0.001500000013038516,16.0
F,0.815,0.055,1.13,2.8255,0.001,0.0005,0.001500000013038516,12.0
F,0.075,0.65,1.13,2.8255,0.001,0.0005,0.001500000013038516,16.0
F,0.075,0.055,1.13,2.8255,0.001,0.0005,0.001500000013038516,14.0
F,0.075,0.65,1.13,2.8255,0.001,0.0005,0.001500000013038516,5.0
F,0.075,0.055,1.13,2.8255,0.001,0.0005,0.001500000013038516,10.0
F,0.815,0.055,1.13,2.8255,0.001,0.0005,0.001500000013038516,12.0
F,0.815,0.055,1.13,2.8255,0.001,0.0005,0.001500000013038516,14.0
F,0.075,0.65,1.13,2.8255,0.001,0.0005,0.001500000013038516,10.0
I,0.815,0.055,1.13,2.8255,0.001,0.0005,1.0049999952316284,12.0
F,0.815,0.055,1.13,2.8255,0.001,0.0005,0.001500000013038516,12.0
F,0.075,0.65,1.13,2.8255,0.001,0.0005,0.001500000013038516,16.0
F,0.075,0.65,1.13,2.8255,0.001,0.0005,0.001500000013038516,16.0
F,0.815,0.055,1.13,2.8255,0.001,0.0005,0.001500000013038516,12.0
F,0.815,0.055,1.13,2.8255,0.001,0.0005,0.001500000013038516,12.0
F,0.075,0.65,1.13,2.8255,0.001,0.0005,0.001500000013038516,10.0
M,0.075,0.65,0.0,2.8255,0.001,0.0005,0.001500000013038516,5.0
F,0.815,0.055,1.13,2.8255,0.001,0.0005,0.001500000013038516,14.0
F,0.815,0.055,1.13,2.8255,0.001,0.0005,0.001500000013038516,12.0
F,0.075,0.65,1.13,2.8255,0.001,0.0005,0.001500000013038516,10.0
F,0.815,0.055,1.13,2.8255,0.001,0.0005,1.0049999952316284,12.0
I,0.815,0.055,1.13,2.8255,0.001,0.0005,0.001500000013038516,14.0
F,0.815,0.055,1.13,2.8255,0.001,0.0005,0.001500000013038516,14.0
F,0.075,0.055,1.13,2.8255,0.001,0.0005,0.001500000013038516,12.0
F,0.815,0.055,1.13,2.8255,0.001,0.0005,0.001500000013038516,12.0
F,0.075,0.055,1.13,2.8255,0.001,0.0005,0.001500000013038516,14.0
F,0.815,0.055,1.13,2.8255,0.001,0.0005,0.001500000013038516,10.0
F,0.815,0.055,1.13,2.8255,0.001,0.0005,0.001500000013038516,12.0
F,0.075,0.65,1.13,2.8255,0.001,0.0005,0.001500000013038516,10.0
F,0.075,0.65,0.0,2.8255,0.001,0.0005,1.0049999952316284,18.0
F,0.075,0.055,1.13,2.8255,0.001,0.0005,1.0049999952316284,6.0
F,0.815,0.055,1.13,2.8255,0.001,0.0005,0.001500000013038516,12.0
F,0.815,0.055,1.13,2.8255,0.001,0.0005,0.001500000013038516,10.0
F,0.815,0.055,1.13,2.8255,0.001,0.0005,0.001500000013038516,12.0
F,0.815,0.055,1.13,2.8255,0.001,0.0005,0.001500000013038516,12.0
F,0.075,0.65,1.13,2.8255,0.001,0.0005,0.001500000013038516,16.0
F,0.075,0.65,1.13,2.8255,0.001,0.0005,0.001500000013038516,14.0
F,0.075,0.055,1.13,2.8255,0.001,0.0005,0.001500000013038516,10.0
M,0.815,0.055,1.13,2.8255,0.001,0.0005,0.001500000013038516,18.0
F,0.815,0.055,1.13,2.8255,0.001,0.0005,0.001500000013038516,18.0
F,0.815,0.055,1.13,2.8255,0.001,0.0005,0.001500000013038516,12.0
M,0.815,0.055,0.0,2.8255,0.001,0.0005,0.001500000013038516,17.0
F,0.075,0.65,1.13,2.8255,0.001,0.0005,0.001500000013038516,10.0
F,0.815,0.055,1.13,2.8255,0.001,0.0005,0.001500000013038516,12.0
F,0.075,0.65,1.13,2.8255,0.001,0.0005,0.001500000013038516,10.0
F,0.075,0.65,1.13,2.8255,0.001,0.0005,0.001500000013038516,10.0
F,0.075,0.65,1.13,2.8255,0.001,0.0005,0.001500000013038516,16.0
F,0.815,0.055,1.13,2.8255,0.001,0.0005,0.001500000013038516,12.0
M,0.815,0.055,1.13,2.8255,0.001,0.0005,0.001500000013038516,17.0
F,0.075,0.65,1.13,2.8255,0.001,0.0005,0.001500000013038516,18.0
M,0.075,0.65,0.0,2.8255,0.001,0.0005,0.001500000013038516,5.0
F,0.815,0.055,1.13,2.8255,0.001,0.0005,0.001500000013038516,12.0
I,0.815,0.055,1.13,2.8255,0.001,0.0005,1.0049999952316284,9.0
F,0.075,0.65,1.13,2.8255,0.001,0.0005,0.001500000013038516,10.0
F,0.075,0.65,1.13,2.8255,0.001,0.0005,0.001500000013038516,16.0
F,0.815,0.055,1.13,2.8255,0.001,0.0005,0.001500000013038516,5.0
M,0.075,0.65,0.0,2.8255,0.001,0.0005,0.001500000013038516,5.0
F,0.075,0.65,1.13,2.8255,0.001,0.0005,0.001500000013038516,10.0
M,0.815,0.055,1.13,2.8255,0.001,0.0005,0.001500000013038516,5.0
F,0.075,0.65,1.13,2.8255,0.001,0.0005,0.001500000013038516,16.0
I,0.815,0.055,1.13,2.8255,0.001,0.0005,0.001500000013038516,5.0
M,0.075,0.65,1.13,2.8255,0.001,0.0005,0.001500000013038516,16.0
F,0.075,0.65,1.13,2.8255,0.001,0.0005,0.001500000013038516,16.0
F,0.815,0.055,1.13,2.8255,0.001,0.0005,0.001500000013038516,12.0
F,0.075,0.65,1.13,2.8255,0.001,0.0005,0.001500000013038516,5.0
F,0.075,0.65,1.13,2.8255,0.001,0.0005,0.001500000013038516,10.0
F,0.815,0.055,1.13,2.8255,0.001,0.0005,0.001500000013038516,12.0
F,0.075,0.65,1.13,2.8255,0.001,0.0005,0.001500000013038516,10.0
F,0.815,0.055,1.13,2.8255,0.001,0.0005,0.001500000013038516,12.0
F,0.815,0.055,1.13,2.8255,0.001,0.0005,0.001500000013038516,12.0
F,0.815,0.055,1.13,2.8255,0.001,0.0005,0.001500000013038516,12.0
M,0.075,0.65,1.13,2.8255,0.001,0.0005,0.001500000013038516,16.0
F,0.075,0.65,0.0,2.8255,0.001,0.0005,0.001500000013038516,5.0
F,0.075,0.65,1.13,2.8255,0.001,0.0005,0.001500000013038516,10.0
F,0.075,0.055,1.13,2.8255,0.001,0.0005,0.001500000013038516,13.0
M,0.815,0.055,1.13,2.8255,0.001,0.0005,0.001500000013038516,18.0
F,0.075,0.055,1.13,2.8255,0.001,0.0005,0.001500000013038516,12.0
M,0.075,0.65,0.0,2.8255,0.001,0.0005,0.001500000013038516,16.0
F,0.075,0.055,1.13,2.8255,0.001,0.0005,0.001500000013038516,10.0
M,0.815,0.055,1.13,2.8255,0.001,0.0005,0.001500000013038516,18.0
F,0.075,0.055,1.13,2.8255,0.001,0.0005,0.001500000013038516,14.0
F,0.075,0.65,1.13,2.8255,0.001,0.0005,1.0049999952316284,10.0
F,0.815,0.055,1.13,2.8255,0.001,0.0005,0.001500000013038516,12.0
M,0.815,0.055,0.0,2.8255,0.001,0.0005,0.001500000013038516,14.0
F,0.075,0.65,1.13,2.8255,0.001,0.0005,0.001500000013038516,10.0
M,0.075,0.65,0.0,2.8255,0.001,0.0005,0.001500000013038516,16.0
F,0.815,0.055,1.13,2.8255,0.001,0.0005,0.001500000013038516,12.0
F,0.075,0.055,1.13,2.8255,0.001,0.0005,0.001500000013038516,12.0
F,0.075,0.055,1.13,2.8255,0.001,0.0005,0.001500000013038516,12.0
F,0.815,0.055,1.13,2.8255,0.001,0.0005,0.001500000013038516,12.0
I,0.815,0.055,1.13,2.8255,0.001,0.0005,1.0049999952316284,12.0
F,0.075,0.055,1.13,2.8255,0.001,0.0005,0.001500000013038516,12.0
F,0.815,0.055,1.13,2.8255,0.001,0.0005,0.001500000013038516,12.0
F,0.075,0.055,1.13,2.8255,0.001,0.0005,0.001500000013038516,16.0
F,0.815,0.055,1.13,2.8255,0.001,0.0005,0.001500000013038516,12.0
F,0.815,0.055,1.13,2.8255,0.001,0.0005,0.001500000013038516,12.0
F,0.815,0.055,1.13,2.8255,0.001,0.0005,0.001500000013038516,12.0
M,0.075,0.65,0.0,2.8255,0.001,0.0005,0.001500000013038516,16.0
M,0.815,0.055,1.13,2.8255,0.001,0.0005,0.001500000013038516,18.0
F,0.075,0.65,1.13,2.8255,0.001,0.0005,0.001500000013038516,10.0
F,0.815,0.055,1.13,2.8255,0.001,0.0005,1.0049999952316284,10.0
F,0.815,0.055,1.13,2.8255,0.001,0.0005,0.001500000013038516,10.0
F,0.815,0.055,1.13,2.8255,0.001,0.0005,0.001500000013038516,14.0
F,0.075,0.055,1.13,2.8255,0.001,0.0005,0.001500000013038516,12.0
F,0.815,0.055,1.13,2.8255,0.001,0.0005,0.001500000013038516,10.0
F,0.075,0.055,1.13,2.8255,0.001,0.0005,0.001500000013038516,10.0
F,0.075,0.65,1.13,2.8255,0.001,0.0005,0.001500000013038516,10.0
M,0.075,0.65,1.13,2.8255,0.001,0.0005,0.001500000013038516,16.0
F,0.815,0.055,1.13,2.8255,0.001,0.0005,0.001500000013038516,14.0
F,0.075,0.65,0.0,2.8255,0.001,0.0005,0.001500000013038516,16.0
F,0.075,0.055,1.13,2.8255,0.001,0.0005,0.001500000013038516,14.0
F,0.075,0.65,1.13,2.8255,0.001,0.0005,0.001500000013038516,16.0
F,0.815,0.055,1.13,2.8255,0.001,0.0005,0.001500000013038516,12.0
F,0.815,0.055,1.13,2.8255,0.001,0.0005,0.001500000013038516,12.0
F,0.815,0.055,1.13,2.8255,0.001,0.0005,0.001500000013038516,12.0
F,0.815,0.055,1.13,2.8255,0.001,0.0005,1.0049999952316284,12.0
F,0.075,0.055,1.13,2.8255,0.001,0.0005,0.001500000013038516,12.0
F,0.075,0.65,1.13,2.8255,0.001,0.0005,0.001500000013038516,14.0
F,0.815,0.055,1.13,2.8255,0.001,0.0005,0.001500000013038516,12.0
F,0.075,0.055,1.13,2.8255,0.001,0.0005,0.001500000013038516,10.0
F,0.815,0.055,1.13,2.8255,0.001,0.0005,0.001500000013038516,12.0
F,0.075,0.65,1.13,2.8255,0.001,0.0005,0.001500000013038516,14.0
F,0.075,0.65,1.13,2.8255,0.001,0.0005,0.001500000013038516,5.0
F,0.075,0.055,1.13,2.8255,0.001,0.0005,0.001500000013038516,10.0
F,0.075,0.055,1.13,2.8255,0.001,0.0005,0.001500000013038516,12.0
M,0.815,0.055,0.0,2.8255,0.001,0.0005,0.001500000013038516,16.0
F,0.075,0.65,1.13,2.8255,0.001,0.0005,0.001500000013038516,10.0
F,0.075,0.65,1.13,2.8255,0.001,0.0005,0.001500000013038516,14.0
F,0.815,0.055,1.13,2.8255,0.001,0.0005,0.001500000013038516,12.0
F,0.815,0.055,1.13,2.8255,0.001,0.0005,0.001500000013038516,18.0
F,0.815,0.055,1.13,2.8255,0.001,0.0005,0.001500000013038516,12.0
F,0.075,0.65,1.13,2.8255,0.001,0.0005,0.001500000013038516,10.0
F,0.815,0.055,1.13,2.8255,0.001,0.0005,0.001500000013038516,12.0
F,0.815,0.055,1.13,2.8255,0.001,0.0005,0.001500000013038516,12.0
M,0.075,0.65,1.13,2.8255,0.001,0.0005,0.001500000013038516,16.0
M,0.815,0.055,0.0,2.8255,0.001,0.0005,0.001500000013038516,18.0
M,0.075,0.65,1.13,2.8255,0.001,0.0005,0.001500000013038516,16.0
F,0.075,0.055,1.13,2.8255,0.001,0.0005,0.001500000013038516,10.0
M,0.815,0.055,1.13,2.8255,0.001,0.0005,0.001500000013038516,14.0
M,0.075,0.65,1.13,2.8255,0.001,0.0005,0.001500000013038516,16.0
F,0.075,0.65,1.13,2.8255,0.001,0.0005,0.001500000013038516,16.0
F,0.815,0.055,1.13,2.8255,0.001,0.0005,0.001500000013038516,18.0
F,0.075,0.65,1.13,2.8255,0.001,0.0005,1.0049999952316284,6.0
F,0.815,0.055,1.13,2.8255,0.001,0.0005,0.001500000013038516,12.0
F,0.075,0.055,1.13,2.8255,0.001,0.0005,0.001500000013038516,12.0
I,0.815,0.055,1.13,2.8255,0.001,0.0005,0.001500000013038516,12.0
F,0.075,0.055,1.13,2.8255,0.001,0.0005,1.0049999952316284,7.0
M,0.075,0.65,1.13,2.8255,0.001,0.0005,0.001500000013038516,16.0
F,0.075,0.055,1.13,2.8255,0.001,0.0005,1.0049999952316284,6.0
F,0.075,0.65,1.13,2.8255,0.001,0.0005,0.001500000013038516,17.0
F,0.075,0.055,1.13,2.8255,0.001,0.0005,0.001500000013038516,10.0
F,0.075,0.055,1.13,2.8255,0.001,0.0005,1.0049999952316284,10.0
F,0.815,0.055,1.13,2.8255,0.001,0.0005,0.001500000013038516,12.0
F,0.815,0.055,1.13,2.8255,0.001,0.0005,0.001500000013038516,12.0
F,0.075,0.65,1.13,2.8255,0.001,0.0005,0.001500000013038516,10.0
F,0.075,0.65,1.13,2.8255,0.001,0.0005,0.001500000013038516,17.0
F,0.815,0.055,1.13,2.8255,0.001,0.0005,0.001500000013038516,12.0
F,0.815,0.055,1.13,2.8255,0.001,0.0005,0.001500000013038516,12.0
F,0.075,0.055,1.13,2.8255,0.001,0.0005,0.001500000013038516,10.0
F,0.815,0.055,1.13,2.8255,0.001,0.0005,0.001500000013038516,12.0
F,0.075,0.65,1.13,2.8255,0.001,0.0005,1.0049999952316284,6.0
F,0.075,0.65,1.13,2.8255,0.001,0.0005,0.001500000013038516,10.0
F,0.075,0.65,1.13,2.8255,0.001,0.0005,1.0049999952316284,10.0
F,0.815,0.055,1.13,2.8255,0.001,0.0005,0.001500000013038516,12.0
F,0.075,0.055,1.13,2.8255,0.001,0.0005,0.001500000013038516,10.0
F,0.075,0.65,1.13,2.8255,0.001,0.0005,0.001500000013038516,10.0
F,0.075,0.055,1.13,2.8255,0.001,0.0005,0.001500000013038516,14.0
F,0.075,0.055,1.13,2.8255,0.001,0.0005,0.001500000013038516,14.0
F,0.075,0.055,1.13,2.8255,0.001,0.0005,0.001500000013038516,10.0
M,0.075,0.65,1.13,2.8255,0.001,0.0005,0.001500000013038516,4.0
F,0.075,0.65,1.13,2.8255,0.001,0.0005,0.001500000013038516,18.0
F,0.075,0.65,1.13,2.8255,0.001,0.0005,0.001500000013038516,5.0
F,0.075,0.65,1.13,2.8255,0.001,0.0005,0.001500000013038516,16.0
F,0.075,0.65,1.13,2.8255,0.001,0.0005,0.001500000013038516,14.0
I,0.815,0.055,0.0,2.8255,0.001,0.0005,1.0049999952316284,6.0
M,0.075,0.65,1.13,2.8255,0.001,0.0005,0.001500000013038516,16.0
F,0.815,0.055,1.13,2.8255,0.001,0.0005,1.0049999952316284,6.0
F,0.815,0.055,1.13,2.8255,0.001,0.0005,0.001500000013038516,12.0
F,0.815,0.055,1.13,2.8255,0.001,0.0005,0.001500000013038516,12.0
F,0.075,0.055,1.13,2.8255,0.001,0.0005,0.001500000013038516,10.0
F,0.075,0.65,1.13,2.8255,0.001,0.0005,0.001500000013038516,16.0
F,0.075,0.65,1.13,2.8255,0.001,0.0005,0.001500000013038516,5.0
F,0.075,0.65,1.13,2.8255,0.001,0.0005,0.001500000013038516,12.0
F,0.815,0.055,1.13,2.8255,0.001,0.0005,0.001500000013038516,12.0
F,0.815,0.055,1.13,2.8255,0.001,0.0005,0.001500000013038516,12.0
F,0.815,0.055,1.13,2.8255,0.001,0.0005,0.001500000013038516,12.0
F,0.815,0.055,1.13,2.8255,0.001,0.0005,0.001500000013038516,18.0
F,0.075,0.65,1.13,2.8255,0.001,0.0005,0.001500000013038516,10.0
F,0.075,0.65,1.13,2.8255,0.001,0.0005,0.001500000013038516,16.0
F,0.075,0.65,0.0,2.8255,0.001,0.0005,1.0049999952316284,5.0
F,0.075,0.65,1.13,2.8255,0.001,0.0005,1.0049999952316284,6.0
F,0.075,0.055,1.13,2.8255,0.001,0.0005,0.001500000013038516,10.0
M,0.075,0.65,1.13,2.8255,0.001,0.0005,0.001500000013038516,16.0
F,0.075,0.65,0.0,2.8255,0.001,0.0005,0.001500000013038516,5.0
M,0.075,0.65,1.13,2.8255,0.001,0.0005,0.001500000013038516,16.0
F,0.075,0.65,1.13,2.8255,0.001,0.0005,1.0049999952316284,6.0
F,0.075,0.65,1.13,2.8255,0.001,0.0005,0.001500000013038516,16.0
F,0.815,0.055,1.13,2.8255,0.001,0.0005,0.001500000013038516,12.0
F,0.075,0.65,1.13,2.8255,0.001,0.0005,0.001500000013038516,16.0
I,0.815,0.055,1.13,2.8255,0.001,0.0005,0.001500000013038516,18.0
F,0.075,0.65,1.13,2.8255,0.001,0.0005,0.001500000013038516,10.0
F,0.815,0.055,1.13,2.8255,0.001,0.0005,0.001500000013038516,14.0
F,0.075,0.65,1.13,2.8255,0.001,0.0005,0.001500000013038516,10.0
F,0.815,0.055,1.13,2.8255,0.001,0.0005,0.001500000013038516,12.0
F,0.075,0.055,1.13,2.8255,0.001,0.0005,0.001500000013038516,12.0
F,0.075,0.65,1.13,2.8255,0.001,0.0005,0.001500000013038516,10.0
F,0.815,0.055,1.13,2.8255,0.001,0.0005,0.001500000013038516,12.0
F,0.075,0.65,1.13,2.8255,0.001,0.0005,0.001500000013038516,14.0
F,0.075,0.055,1.13,2.8255,0.001,0.0005,0.001500000013038516,10.0
F,0.815,0.055,1.13,2.8255,0.001,0.0005,0.001500000013038516,12.0
M,0.815,0.055,1.13,2.8255,0.001,0.0005,0.001500000013038516,14.0
F,0.815,0.055,1.13,2.8255,0.001,0.0005,0.001500000013038516,12.0
F,0.815,0.055,1.13,2.8255,0.001,0.0005,0.001500000013038516,10.0
F,0.075,0.055,1.13,2.8255,0.001,0.0005,1.0049999952316284,10.0
F,0.075,0.65,1.13,2.8255,0.001,0.0005,0.001500000013038516,16.0
F,0.075,0.65,1.13,2.8255,0.001,0.0005,0.001500000013038516,14.0
F,0.815,0.055,1.13,2.8255,0.001,0.0005,0.001500000013038516,10.0
M,0.075,0.65,1.13,2.8255,0.001,0.0005,0.001500000013038516,16.0
M,0.815,0.055,1.13,2.8255,0.001,0.0005,0.001500000013038516,18.0
F,0.075,0.65,1.13,2.8255,0.001,0.0005,0.001500000013038516,16.0
F,0.075,0.65,1.13,2.8255,0.001,0.0005,1.0049999952316284,10.0
F,0.075,0.65,1.13,2.8255,0.001,0.0005,0.001500000013038516,5.0
F,0.075,0.65,1.13,2.8255,0.001,0.0005,0.001500000013038516,16.0
F,0.815,0.055,1.13,2.8255,0.001,0.0005,0.001500000013038516,10.0
F,0.815,0.055,1.13,2.8255,0.001,0.0005,0.001500000013038516,18.0
F,0.075,0.65,1.13,2.8255,0.001,0.0005,0.001500000013038516,10.0
F,0.815,0.055,1.13,2.8255,0.001,0.0005,0.001500000013038516,5.0
F,0.815,0.055,1.13,2.8255,0.001,0.0005,0.001500000013038516,12.0
F,0.075,0.65,1.13,2.8255,0.001,0.0005,0.001500000013038516,10.0
F,0.075,0.65,1.13,2.8255,0.001,0.0005,1.0049999952316284,6.0
F,0.075,0.65,1.13,2.8255,0.001,0.0005,1.0049999952316284,18.0
F,0.815,0.055,1.13,2.8255,0.001,0.0005,0.001500000013038516,4.0
F,0.075,0.65,1.13,2.8255,0.001,0.0005,0.001500000013038516,5.0
F,0.075,0.65,1.13,2.8255,0.001,0.0005,0.001500000013038516,14.0
M,0.815,0.055,0.0,2.8255,0.001,0.0005,0.001500000013038516,18.0
F,0.075,0.65,1.13,2.8255,0.001,0.0005,0.001500000013038516,10.0
F,0.815,0.055,1.13,2.8255,0.001,0.0005,0.001500000013038516,12.0
F,0.815,0.055,1.13,2.8255,0.001,0.0005,0.001500000013038516,12.0
F,0.075,0.65,1.13,2.8255,0.001,0.0005,0.001500000013038516,16.0
F,0.075,0.65,1.13,2.8255,0.001,0.0005,0.001500000013038516,10.0
M,0.815,0.055,1.13,2.8255,0.001,0.0005,0.001500000013038516,18.0
F,0.075,0.65,1.13,2.8255,0.001,0.0005,0.001500000013038516,16.0
F,0.075,0.65,1.13,2.8255,0.001,0.0005,0.001500000013038516,14.0
F,0.075,0.65,1.13,2.8255,0.001,0.0005,0.001500000013038516,10.0
F,0.075,0.65,1.13,2.8255,0.001,0.0005,0.001500000013038516,10.0
M,0.815,0.055,1.13,2.8255,0.001,0.0005,0.001500000013038516,16.0
F,0.815,0.055,1.13,2.8255,0.001,0.0005,0.001500000013038516,12.0
M,0.815,0.055,0.0,2.8255,0.001,0.0005,0.001500000013038516,14.0
F,0.075,0.65,1.13,2.8255,0.001,0.0005,0.001500000013038516,5.0
F,0.075,0.055,1.13,2.8255,0.001,0.0005,0.001500000013038516,10.0
F,0.075,0.65,1.13,2.8255,0.001,0.0005,0.001500000013038516,16.0
F,0.815,0.055,1.13,2.8255,0.001,0.0005,0.001500000013038516,12.0
F,0.075,0.65,1.13,2.8255,0.001,0.0005,0.001500000013038516,5.0
F,0.815,0.055,1.13,2.8255,0.001,0.0005,0.001500000013038516,12.0
F,0.075,0.055,1.13,2.8255,0.001,0.0005,0.001500000013038516,10.0
F,0.815,0.055,1.13,2.8255,0.001,0.0005,0.001500000013038516,18.0
F,0.075,0.055,1.13,2.8255,0.001,0.0005,0.001500000013038516,10.0
F,0.075,0.65,1.13,2.8255,0.001,0.0005,0.001500000013038516,14.0
F,0.075,0.055,1.13,2.8255,0.001,0.0005,1.0049999952316284,7.0
F,0.075,0.65,1.13,2.8255,0.001,0.0005,0.001500000013038516,16.0
F,0.075,0.65,1.13,2.8255,0.001,0.0005,0.001500000013038516,10.0
F,0.075,0.65,1.13,2.8255,0.001,0.0005,1.0049999952316284,10.0
F,0.815,0.055,1.13,2.8255,0.001,0.0005,0.001500000013038516,12.0
M,0.815,0.055,1.13,2.8255,0.001,0.0005,0.001500000013038516,14.0
F,0.075,0.65,1.13,2.8255,0.001,0.0005,0.001500000013038516,10.0
F,0.075,0.65,1.13,2.8255,0.001,0.0005,0.001500000013038516,10.0
F,0.075,0.65,1.13,2.8255,0.001,0.0005,0.001500000013038516,10.0
F,0.815,0.055,1.13,2.8255,0.001,0.0005,0.001500000013038516,12.0
F,0.075,0.65,1.13,2.8255,0.001,0.0005,0.001500000013038516,14.0
F,0.815,0.055,1.13,2.8255,0.001,0.0005,0.001500000013038516,12.0
F,0.075,0.65,1.13,2.8255,0.001,0.0005,0.001500000013038516,12.0
F,0.075,0.65,1.13,2.8255,0.001,0.0005,0.001500000013038516,12.0
F,0.815,0.055,1.13,2.8255,0.001,0.0005,0.001500000013038516,12.0
F,0.815,0.055,1.13,2.8255,0.001,0.0005,0.001500000013038516,18.0
F,0.815,0.055,1.13,2.8255,0.001,0.0005,0.001500000013038516,12.0
F,0.075,0.65,1.13,2.8255,0.001,0.0005,0.001500000013038516,10.0
F,0.815,0.055,1.13,2.8255,0.001,0.0005,0.001500000013038516,14.0
F,0.815,0.055,1.13,2.8255,0.001,0.0005,0.001500000013038516,5.0
F,0.075,0.65,1.13,2.8255,0.001,0.0005,0.001500000013038516,10.0
F,0.815,0.055,1.13,2.8255,0.001,0.0005,0.001500000013038516,5.0
F,0.815,0.055,1.13,2.8255,0.001,0.0005,0.001500000013038516,12.0
F,0.815,0.055,1.13,2.8255,0.001,0.0005,0.001500000013038516,12.0
F,0.075,0.055,1.13,2.8255,0.001,0.0005,0.001500000013038516,14.0
F,0.815,0.055,1.13,2.8255,0.001,0.0005,0.001500000013038516,14.0
F,0.815,0.055,1.13,2.8255,0.001,0.0005,0.001500000013038516,12.0
F,0.075,0.65,0.0,2.8255,0.001,0.0005,0.001500000013038516,5.0
F,0.075,0.055,1.13,2.8255,0.001,0.0005,0.001500000013038516,12.0
F,0.815,0.055,1.13,2.8255,0.001,0.0005,0.001500000013038516,12.0
F,0.815,0.055,1.13,2.8255,0.001,0.0005,0.001500000013038516,12.0
F,0.075,0.65,1.13,2.8255,0.001,0.0005,0.001500000013038516,16.0
F,0.075,0.65,1.13,2.8255,0.001,0.0005,1.0049999952316284,6.0
F,0.075,0.055,1.13,2.8255,0.001,0.0005,0.001500000013038516,10.0
F,0.075,0.055,1.13,2.8255,0.001,0.0005,1.0049999952316284,6.0
F,0.075,0.65,1.13,2.8255,0.001,0.0005,0.001500000013038516,10.0
F,0.075,0.65,1.13,2.8255,0.001,0.0005,1.0049999952316284,18.0
F,0.815,0.055,1.13,2.8255,0.001,0.0005,0.001500000013038516,12.0
F,0.075,0.65,1.13,2.8255,0.001,0.0005,0.001500000013038516,14.0
F,0.815,0.055,1.13,2.8255,0.001,0.0005,1.0049999952316284,10.0
F,0.075,0.65,1.13,2.8255,0.001,0.0005,0.001500000013038516,16.0
I,0.815,0.055,1.13,2.8255,0.001,0.0005,1.0049999952316284,6.0
F,0.815,0.055,1.13,2.8255,0.001,0.0005,0.001500000013038516,12.0
I,0.815,0.055,0.0,2.8255,0.001,0.0005,1.0049999952316284,7.0
F,0.075,0.055,1.13,2.8255,0.001,0.0005,0.001500000013038516,12.0
F,0.075,0.65,1.13,2.8255,0.001,0.0005,0.001500000013038516,16.0
F,0.075,0.055,1.13,2.8255,0.001,0.0005,0.001500000013038516,10.0
F,0.815,0.055,1.13,2.8255,0.001,0.0005,0.001500000013038516,12.0
F,0.075,0.055,1.13,2.8255,0.001,0.0005,0.001500000013038516,10.0
F,0.075,0.65,1.13,2.8255,0.001,0.0005,0.001500000013038516,14.0
F,0.815,0.055,1.13,2.8255,0.001,0.0005,0.001500000013038516,12.0
F,0.075,0.65,1.13,2.8255,0.001,0.0005,0.001500000013038516,16.0
F,0.075,0.65,1.13,2.8255,0.001,0.0005,1.0049999952316284,10.0
F,0.075,0.65,1.13,2.8255,0.001,0.0005,1.0049999952316284,6.0
I,0.815,0.055,1.13,2.8255,0.001,0.0005,0.001500000013038516,5.0
F,0.075,0.65,1.13,2.8255,0.001,0.0005,0.001500000013038516,10.0
M,0.075,0.65,0.0,2.8255,0.001,0.0005,0.001500000013038516,16.0
F,0.075,0.65,1.13,2.8255,0.001,0.0005,0.001500000013038516,14.0
F,0.075,0.65,1.13,2.8255,0.001,0.0005,0.001500000013038516,16.0
F,0.815,0.055,1.13,2.8255,0.001,0.0005,0.001500000013038516,12.0
M,0.075,0.65,1.13,2.8255,0.001,0.0005,0.001500000013038516,16.0
F,0.815,0.055,1.13,2.8255,0.001,0.0005,0.001500000013038516,12.0
M,0.075,0.65,0.0,2.8255,0.001,0.0005,0.001500000013038516,16.0
M,0.075,0.65,1.13,2.8255,0.001,0.0005,0.001500000013038516,16.0
F,0.075,0.65,1.13,2.8255,0.001,0.0005,0.001500000013038516,14.0
F,0.075,0.65,1.13,2.8255,0.001,0.0005,0.001500000013038516,14.0
F,0.075,0.65,1.13,2.8255,0.001,0.0005,0.001500000013038516,10.0
F,0.075,0.055,1.13,2.8255,0.001,0.0005,0.001500000013038516,12.0
F,0.075,0.65,1.13,2.8255,0.001,0.0005,0.001500000013038516,16.0
F,0.075,0.65,0.0,2.8255,0.001,0.0005,1.0049999952316284,18.0
F,0.075,0.055,1.13,2.8255,0.001,0.0005,0.001500000013038516,15.0
F,0.075,0.65,0.0,2.8255,0.001,0.0005,1.0049999952316284,5.0
F,0.075,0.65,1.13,2.8255,0.001,0.0005,0.001500000013038516,10.0
F,0.815,0.055,1.13,2.8255,0.001,0.0005,0.001500000013038516,12.0
F,0.075,0.055,1.13,2.8255,0.001,0.0005,0.001500000013038516,14.0
F,0.815,0.055,1.13,2.8255,0.001,0.0005,0.001500000013038516,12.0
F,0.815,0.055,1.13,2.8255,0.001,0.0005,0.001500000013038516,10.0
F,0.815,0.055,1.13,2.8255,0.001,0.0005,0.001500000013038516,5.0
F,0.075,0.65,1.13,2.8255,0.001,0.0005,1.0049999952316284,18.0
F,0.815,0.055,1.13,2.8255,0.001,0.0005,0.001500000013038516,12.0
F,0.075,0.65,1.13,2.8255,0.001,0.0005,0.001500000013038516,10.0
F,0.075,0.65,0.0,2.8255,0.001,0.0005,0.001500000013038516,5.0
I,0.815,0.055,1.1297195,2.8255,0.001,0.0005,0.001500000013038516,14.0
I,0.075,0.65,0.0,2.8255,0.001,0.0005,1.0049999952316284,6.0
F,0.075,0.65,1.13,2.8255,0.001,0.0005,0.001500000013038516,10.0
F,0.075,0.055,1.13,2.8255,0.001,0.0005,0.001500000013038516,12.0
F,0.815,0.055,1.13,2.8255,0.001,0.0005,0.001500000013038516,12.0
F,0.815,0.055,1.13,2.8255,0.001,0.0005,0.001500000013038516,10.0
F,0.075,0.65,1.13,2.8255,0.001,0.0005,0.001500000013038516,14.0
M,0.075,0.65,1.13,2.8255,0.001,0.0005,0.001500000013038516,16.0
F,0.815,0.055,1.13,2.8255,0.001,0.0005,0.001500000013038516,18.0
F,0.075,0.055,1.13,2.8255,0.001,0.0005,0.001500000013038516,10.0
F,0.075,0.65,1.13,2.8255,0.001,0.0005,0.001500000013038516,10.0
F,0.075,0.055,1.13,2.8255,0.001,0.0005,1.0049999952316284,6.0
I,0.815,0.055,1.13,2.8255,0.001,0.0005,0.001500000013038516,12.0
F,0.815,0.055,1.13,2.8255,0.001,0.0005,0.001500000013038516,12.0
F,0.075,0.65,1.13,2.8255,0.001,0.0005,0.001500000013038516,16.0
F,0.075,0.055,1.13,2.8255,0.001,0.0005,0.001500000013038516,10.0
F,0.075,0.65,1.13,2.8255,0.001,0.0005,0.001500000013038516,17.0
F,0.075,0.65,1.13,2.8255,0.001,0.0005,0.001500000013038516,10.0
I,0.815,0.055,0.0,2.8255,0.001,0.0005,0.001500000013038516,1.0
F,0.075,0.055,1.13,2.8255,0.001,0.0005,0.001500000013038516,14.0
F,0.075,0.055,1.13,2.8255,0.001,0.0005,0.001500000013038516,12.0
F,0.075,0.65,1.13,2.8255,0.001,0.0005,0.001500000013038516,10.0
F,0.075,0.65,1.13,2.8255,0.001,0.0005,0.001500000013038516,16.0
F,0.075,0.65,1.13,2.8255,0.001,0.0005,0.001500000013038516,10.0
F,0.075,0.65,1.13,2.8255,0.001,0.0005,0.001500000013038516,10.0
M,0.075,0.65,1.13,2.8255,0.001,0.0005,0.001500000013038516,16.0
I,0.075,0.65,0.0,2.8255,0.001,0.0005,1.0049999952316284,10.0
F,0.815,0.055,1.13,2.8255,0.001,0.0005,0.001500000013038516,10.0
F,0.075,0.055,1.13,2.8255,0.001,0.0005,0.001500000013038516,12.0
F,0.815,0.055,1.13,2.8255,0.001,0.0005,0.001500000013038516,10.0
F,0.815,0.055,1.13,2.8255,0.001,0.0005,0.001500000013038516,12.0
F,0.815,0.055,1.13,2.8255,0.001,0.0005,1.0049999952316284,10.0
F,0.815,0.055,1.13,2.8255,0.001,0.0005,1.0049999952316284,9.0
F,0.815,0.055,1.13,2.8255,0.001,0.0005,0.001500000013038516,12.0
F,0.075,0.055,1.13,2.8255,0.001,0.0005,0.001500000013038516,10.0
F,0.815,0.055,1.13,2.8255,0.001,0.0005,0.001500000013038516,12.0
F,0.075,0.65,1.13,2.8255,0.001,0.0005,1.0049999952316284,10.0
I,0.815,0.055,0.0,2.8255,0.001,0.0005,0.0015091511886566877,14.0
F,0.075,0.65,1.13,2.8255,0.001,0.0005,1.0049999952316284,18.0
F,0.815,0.055,1.13,2.8255,0.001,0.0005,0.001500000013038516,12.0
F,0.815,0.055,1.13,2.8255,0.001,0.0005,1.0049999952316284,6.0
F,0.075,0.65,1.13,2.8255,0.001,0.0005,0.001500000013038516,16.0
F,0.815,0.055,1.13,2.8255,0.001,0.0005,0.001500000013038516,14.0
F,0.815,0.055,1.13,2.8255,0.001,0.0005,0.001500000013038516,18.0
F,0.075,0.055,1.13,2.8255,0.001,0.0005,0.001500000013038516,14.0
M,0.815,0.055,0.0,2.8255,0.001,0.0005,0.001500000013038516,16.0
F,0.075,0.055,1.13,2.8255,0.001,0.0005,0.001500000013038516,12.0
F,0.815,0.055,1.13,2.8255,0.001,0.0005,0.001500000013038516,12.0
F,0.075,0.65,1.13,2.8255,0.001,0.0005,1.0049999952316284,10.0
F,0.815,0.055,1.13,2.8255,0.001,0.0005,0.001500000013038516,12.0
F,0.075,0.65,1.13,2.8255,0.001,0.0005,0.001500000013038516,10.0
M,0.075,0.055,1.13,2.8255,0.001,0.0005,0.001500000013038516,14.0
F,0.815,0.055,1.13,2.8255,0.001,0.0005,0.001500000013038516,12.0
F,0.075,0.65,1.13,2.8255,0.001,0.0005,0.001500000013038516,10.0
F,0.815,0.055,1.13,2.8255,0.001,0.0005,0.001500000013038516,14.0
F,0.815,0.055,1.13,2.8255,0.001,0.0005,0.001500000013038516,12.0
F,0.075,0.055,1.13,2.8255,0.001,0.0005,0.001500000013038516,12.0
F,0.075,0.65,1.13,2.8255,0.001,0.0005,0.001500000013038516,10.0
F,0.075,0.65,1.13,2.8255,0.001,0.0005,0.001500000013038516,14.0
M,0.075,0.65,0.0,2.8255,0.001,0.0005,0.001500000013038516,5.0
M,0.815,0.055,1.13,2.8255,0.001,0.0005,0.001500000013038516,16.0
F,0.075,0.055,1.13,2.8255,0.001,0.0005,0.001500000013038516,16.0
F,0.815,0.055,1.13,2.8255,0.001,0.0005,0.001500000013038516,12.0
F,0.075,0.65,1.13,2.8255,0.001,0.0005,0.001500000013038516,5.0
F,0.075,0.65,1.13,2.8255,0.001,0.0005,0.001500000013038516,10.0
F,0.075,0.65,1.13,2.8255,0.001,0.0005,1.0049999952316284,10.0
F,0.815,0.055,1.13,2.8255,0.001,0.0005,0.001500000013038516,10.0
M,0.075,0.65,1.13,2.8255,0.001,0.0005,0.001500000013038516,5.0
F,0.075,0.65,1.13,2.8255,0.001,0.0005,0.001500000013038516,10.0
M,0.075,0.055,1.13,2.8255,0.001,0.0005,0.001500000013038516,15.0
F,0.075,0.65,1.13,2.8255,0.001,0.0005,0.001500000013038516,10.0
F,0.815,0.055,1.13,2.8255,0.001,0.0005,0.001500000013038516,12.0
F,0.075,0.055,1.13,2.8255,0.001,0.0005,0.001500000013038516,7.0
F,0.075,0.65,1.13,2.8255,0.001,0.0005,0.001500000013038516,16.0
I,0.815,0.055,0.0,2.8255,0.001,0.0005,0.001500000013038516,9.0
F,0.815,0.055,1.13,2.8255,0.001,0.0005,0.001500000013038516,12.0
F,0.075,0.65,1.13,2.8255,0.001,0.0005,0.001500000013038516,18.0
F,0.815,0.055,1.13,2.8255,0.001,0.0005,0.001500000013038516,12.0
F,0.075,0.055,1.13,2.8255,0.001,0.0005,0.001500000013038516,12.0
M,0.815,0.055,1.13,2.8255,0.001,0.0005,0.001500000013038516,14.0
F,0.075,0.055,1.13,2.8255,0.001,0.0005,0.001500000013038516,10.0
F,0.815,0.055,1.13,2.8255,0.001,0.0005,0.001500000013038516,12.0
F,0.075,0.65,1.13,2.8255,0.001,0.0005,0.001500000013038516,5.0
F,0.815,0.055,1.13,2.8255,0.001,0.0005,0.001500000013038516,12.0
F,0.075,0.65,1.13,2.8255,0.001,0.0005,0.001500000013038516,10.0
I,0.815,0.055,1.13,2.8255,0.001,0.0005,1.0049999952316284,6.0
F,0.075,0.65,1.13,2.8255,0.001,0.0005,0.001500000013038516,14.0
F,0.815,0.055,1.13,2.8255,0.001,0.0005,0.001500000013038516,18.0
F,0.075,0.65,1.13,2.8255,0.001,0.0005,0.001500000013038516,10.0
M,0.075,0.65,1.13,2.8255,0.001,0.0005,0.001500000013038516,16.0
F,0.815,0.055,1.13,2.8255,0.001,0.0005,0.001500000013038516,5.0
F,0.815,0.055,1.13,2.8255,0.001,0.0005,0.001500000013038516,12.0
F,0.075,0.65,1.13,2.8255,0.001,0.0005,0.001500000013038516,10.0
F,0.075,0.65,1.13,2.8255,0.001,0.0005,0.001500000013038516,10.0
F,0.815,0.055,1.13,2.8255,0.001,0.0005,0.001500000013038516,12.0
F,0.815,0.055,1.13,2.8255,0.001,0.0005,0.001500000013038516,16.0
F,0.075,0.055,1.13,2.8255,0.001,0.0005,0.001500000013038516,16.0
M,0.815,0.055,0.0,2.8255,0.001,0.0005,0.001500000013038516,16.0
I,0.815,0.055,1.13,2.8255,0.001,0.0005,1.0049999952316284,9.0
I,0.815,0.055,1.13,2.8255,0.001,0.0005,0.001500000013038516,18.0
F,0.815,0.055,1.13,2.8255,0.001,0.0005,0.001500000013038516,5.0
F,0.815,0.055,1.13,2.8255,0.001,0.0005,0.001500000013038516,18.0
F,0.075,0.65,1.13,2.8255,0.001,0.0005,0.001500000013038516,16.0
F,0.815,0.055,1.13,2.8255,0.001,0.0005,0.001500000013038516,12.0
I,0.075,0.65,0.0,2.8255,0.001,0.0005,1.0049999952316284,18.0
F,0.075,0.65,0.0,2.8255,0.001,0.0005,0.001500000013038516,16.0
F,0.075,0.65,1.13,2.8255,0.001,0.0005,0.001500000013038516,16.0
F,0.075,0.055,1.13,2.8255,0.001,0.0005,0.001500000013038516,12.0
M,0.075,0.055,1.13,2.8255,0.001,0.0005,0.001500000013038516,16.0
F,0.815,0.055,1.13,2.8255,0.001,0.0005,0.001500000013038516,12.0
F,0.075,0.65,0.0,2.8255,0.001,0.0005,1.0049999952316284,18.0
F,0.075,0.65,1.13,2.8255,0.001,0.0005,0.001500000013038516,10.0
F,0.075,0.055,1.13,2.8255,0.001,0.0005,0.001500000013038516,10.0
F,0.075,0.055,1.13,2.8255,0.001,0.0005,0.001500000013038516,10.0
F,0.075,0.65,1.13,2.8255,0.001,0.0005,0.001500000013038516,10.0
F,0.815,0.055,1.13,2.8255,0.001,0.0005,0.001500000013038516,12.0
F,0.075,0.65,1.13,2.8255,0.001,0.0005,0.001500000013038516,18.0
F,0.075,0.65,1.13,2.8255,0.001,0.0005,0.001500000013038516,16.0
F,0.075,0.65,1.13,2.8255,0.001,0.0005,0.001500000013038516,10.0
F,0.815,0.055,1.13,2.8255,0.001,0.0005,0.001500000013038516,10.0
F,0.075,0.65,1.13,2.8255,0.001,0.0005,0.001500000013038516,16.0
F,0.815,0.055,1.13,2.8255,0.001,0.0005,0.001500000013038516,12.0
F,0.815,0.055,1.13,2.8255,0.001,0.0005,1.0049999952316284,6.0
F,0.075,0.65,1.13,2.8255,0.001,0.0005,0.001500000013038516,16.0
F,0.075,0.055,1.13,2.8255,0.001,0.0005,1.0049999952316284,12.0
F,0.075,0.65,1.13,2.8255,0.001,0.0005,0.001500000013038516,10.0
F,0.075,0.055,1.13,2.8255,0.001,0.0005,0.001500000013038516,12.0
F,0.075,0.65,1.13,2.8255,0.001,0.0005,0.001500000013038516,16.0
F,0.075,0.65,1.13,2.8255,0.001,0.0005,0.001500000013038516,16.0
M,0.075,0.65,0.0,2.8255,0.001,0.0005,0.001500000013038516,4.0
F,0.075,0.65,1.13,2.8255,0.001,0.0005,0.001500000013038516,10.0
F,0.075,0.055,1.13,2.8255,0.001,0.0005,0.001500000013038516,12.0
F,0.815,0.055,1.13,2.8255,0.001,0.0005,0.001500000013038516,12.0
F,0.075,0.65,1.13,2.8255,0.001,0.0005,0.001500000013038516,14.0
F,0.815,0.055,1.13,2.8255,0.001,0.0005,0.001500000013038516,12.0
F,0.075,0.65,1.13,2.8255,0.001,0.0005,0.001500000013038516,10.0
F,0.075,0.65,1.13,2.8255,0.001,0.0005,0.001500000013038516,5.0
F,0.815,0.055,1.13,2.8255,0.001,0.0005,0.001500000013038516,12.0
F,0.815,0.055,1.13,2.8255,0.001,0.0005,0.001500000013038516,12.0
M,0.815,0.055,1.13,2.8255,0.001,0.0005,0.001500000013038516,14.0
F,0.075,0.65,1.13,2.8255,0.001,0.0005,0.001500000013038516,16.0
F,0.815,0.055,1.13,2.8255,0.001,0.0005,0.001500000013038516,16.0
F,0.075,0.65,1.13,2.8255,0.001,0.0005,0.001500000013038516,5.0
F,0.815,0.055,1.13,2.8255,0.001,0.0005,0.001500000013038516,12.0
F,0.075,0.65,1.13,2.8255,0.001,0.0005,0.001500000013038516,5.0
F,0.075,0.65,0.09,2.8255,0.001,0.0005,0.001500000013038516,5.0
F,0.815,0.055,1.13,2.8255,0.001,0.0005,0.001500000013038516,4.0
F,0.075,0.055,1.13,2.8255,0.001,0.0005,0.001500000013038516,10.0
F,0.075,0.65,1.13,2.8255,0.001,0.0005,0.001500000013038516,15.0
M,0.075,0.65,0.0,2.8255,0.001,0.0005,0.001500000013038516,16.0
M,0.815,0.055,0.0,2.8255,0.001,0.0005,0.001500000013038516,16.0
F,0.815,0.055,1.13,2.8255,0.001,0.0005,0.001500000013038516,18.0
F,0.815,0.055,1.13,2.8255,0.001,0.0005,0.001500000013038516,12.0
F,0.815,0.055,1.13,2.8255,0.001,0.0005,0.001500000013038516,18.0
F,0.075,0.65,1.13,2.8255,0.001,0.0005,0.001500000013038516,10.0
I,0.815,0.055,0.0,2.8255,0.001,0.0005,1.0049999952316284,6.0
F,0.075,0.055,1.13,2.8255,0.001,0.0005,0.001500000013038516,18.0
F,0.815,0.055,1.13,2.8255,0.001,0.0005,0.001500000013038516,12.0
F,0.815,0.055,1.13,2.8255,0.001,0.0005,0.001500000013038516,18.0
F,0.075,0.65,1.13,2.8255,0.001,0.0005,0.001500000013038516,5.0
F,0.075,0.055,1.13,2.8255,0.001,0.0005,0.001500000013038516,10.0
F,0.075,0.65,1.13,2.8255,0.001,0.0005,0.001500000013038516,5.0
F,0.815,0.055,1.13,2.8255,0.001,0.0005,0.001500000013038516,10.0
F,0.075,0.65,1.13,2.8255,0.001,0.0005,0.001500000013038516,10.0
F,0.815,0.055,1.13,2.8255,0.001,0.0005,0.001500000013038516,18.0
M,0.815,0.055,0.0,2.8255,0.001,0.0005,0.001500000013038516,15.0
M,0.815,0.055,0.0,2.8255,0.001,0.0005,0.001500000013038516,18.0
F,0.815,0.055,1.13,2.8255,0.001,0.0005,0.001500000013038516,12.0
F,0.815,0.055,1.13,2.8255,0.001,0.0005,0.001500000013038516,10.0
F,0.815,0.055,1.13,2.8255,0.001,0.0005,0.001500000013038516,12.0
F,0.815,0.055,1.13,2.8255,0.001,0.0005,0.001500000013038516,12.0
F,0.815,0.055,1.13,2.8255,0.001,0.0005,0.001500000013038516,12.0
F,0.075,0.055,1.13,2.8255,0.001,0.0005,1.0049999952316284,10.0
F,0.075,0.65,1.13,2.8255,0.001,0.0005,0.001500000013038516,10.0
F,0.815,0.055,1.13,2.8255,0.001,0.0005,0.001500000013038516,12.0
F,0.815,0.055,1.13,2.8255,0.001,0.0005,0.001500000013038516,12.0
F,0.075,0.65,1.13,2.8255,0.001,0.0005,0.001500000013038516,10.0
I,0.815,0.055,0.0,2.8255,0.001,0.0005,0.001500000013038516,14.0
F,0.815,0.055,1.13,2.8255,0.001,0.0005,0.001500000013038516,12.0
F,0.815,0.055,1.13,2.8255,0.001,0.0005,0.001500000013038516,12.0
F,0.815,0.055,1.13,2.8255,0.001,0.0005,0.001500000013038516,12.0
F,0.075,0.055,1.13,2.8255,0.001,0.0005,0.001500000013038516,10.0
F,0.075,0.65,1.13,2.8255,0.001,0.0005,0.001500000013038516,10.0
F,0.815,0.055,1.13,2.8255,0.001,0.0005,0.001500000013038516,12.0
I,0.815,0.055,1.13,2.8255,0.001,0.0005,1.0049999952316284,6.0
F,0.075,0.65,1.13,2.8255,0.001,0.0005,0.001500000013038516,16.0
F,0.815,0.055,1.13,2.8255,0.001,0.0005,0.001500000013038516,12.0
F,0.075,0.65,1.13,2.8255,0.001,0.0005,0.001500000013038516,10.0
M,0.075,0.65,1.13,2.8255,0.001,0.0005,0.001500000013038516,5.0
M,0.075,0.65,1.13,2.8255,0.001,0.0005,0.001500000013038516,16.0
F,0.815,0.055,1.13,2.8255,0.001,0.0005,0.001500000013038516,10.0
F,0.815,0.055,1.13,2.8255,0.001,0.0005,0.001500000013038516,12.0
F,0.815,0.055,1.13,2.8255,0.001,0.0005,0.001500000013038516,12.0
F,0.075,0.65,1.13,2.8255,0.001,0.0005,0.001500000013038516,10.0
F,0.075,0.055,1.13,2.8255,0.001,0.0005,0.001500000013038516,12.0
F,0.815,0.055,1.13,2.8255,0.001,0.0005,0.001500000013038516,12.0
F,0.075,0.65,1.13,2.8255,0.001,0.0005,0.001500000013038516,10.0
M,0.075,0.65,1.13,2.8255,0.001,0.0005,0.001500000013038516,16.0
F,0.075,0.65,1.13,2.8255,0.001,0.0005,0.001500000013038516,12.0
F,0.075,0.65,0.0,2.8255,0.001,0.0005,1.0049999952316284,6.0
I,0.075,0.65,0.0,2.8255,0.001,0.0005,1.0049999952316284,6.0
F,0.815,0.055,1.13,2.8255,0.001,0.0005,0.001500000013038516,12.0
I,0.815,0.055,1.13,2.8255,0.001,0.0005,0.001500000013038516,12.0
F,0.075,0.65,1.13,2.8255,0.001,0.0005,0.001500000013038516,18.0
M,0.075,0.65,1.13,2.8255,0.001,0.0005,0.001500000013038516,16.0
F,0.815,0.055,1.13,2.8255,0.001,0.0005,0.001500000013038516,18.0
F,0.075,0.055,1.13,2.8255,0.001,0.0005,0.001500000013038516,10.0
M,0.075,0.65,1.13,2.8255,0.001,0.0005,0.001500000013038516,16.0
F,0.815,0.055,1.13,2.8255,0.001,0.0005,0.001500000013038516,12.0
F,0.075,0.65,1.13,2.8255,0.001,0.0005,0.001500000013038516,10.0
F,0.815,0.055,1.13,2.8255,0.001,0.0005,0.001500000013038516,14.0
M,0.075,0.65,1.13,2.8255,0.001,0.0005,0.001500000013038516,16.0
F,0.075,0.055,1.13,2.8255,0.001,0.0005,0.001500000013038516,14.0
F,0.075,0.65,1.13,2.8255,0.001,0.0005,0.001500000013038516,10.0
F,0.075,0.65,1.13,2.8255,0.001,0.0005,0.001500000013038516,16.0
F,0.075,0.65,1.13,2.8255,0.001,0.0005,0.001500000013038516,16.0
F,0.075,0.65,1.13,2.8255,0.001,0.0005,0.001500000013038516,10.0
F,0.815,0.055,1.13,2.8255,0.001,0.0005,1.0049999952316284,9.0
F,0.075,0.65,1.13,2.8255,0.001,0.0005,1.0049999952316284,7.0
F,0.815,0.055,1.13,2.8255,0.001,0.0005,0.001500000013038516,12.0
I,0.815,0.055,1.13,2.8255,0.001,0.0005,0.001500000013038516,9.0
F,0.815,0.055,1.13,2.8255,0.001,0.0005,0.001500000013038516,18.0
F,0.075,0.055,1.13,2.8255,0.001,0.0005,1.0049999952316284,6.0
F,0.075,0.65,1.13,2.8255,0.001,0.0005,0.5928782224655151,10.0
F,0.815,0.055,1.13,2.8255,0.001,0.0005,0.001500000013038516,12.0
F,0.075,0.055,1.13,2.8255,0.001,0.0005,0.001500000013038516,10.0
F,0.075,0.65,1.13,2.8255,0.001,0.0005,0.001500000013038516,18.0
M,0.075,0.65,1.13,2.8255,0.001,0.0005,0.001500000013038516,16.0
F,0.075,0.65,1.13,2.8255,0.001,0.0005,0.001500000013038516,10.0
F,0.815,0.055,1.13,2.8255,0.001,0.0005,0.001500000013038516,12.0
F,0.075,0.65,1.13,2.8255,0.001,0.0005,0.001500000013038516,10.0
F,0.075,0.055,1.13,2.8255,0.001,0.0005,0.001500000013038516,16.0
F,0.075,0.055,1.13,2.8255,0.001,0.0005,1.0049999952316284,6.0
F,0.075,0.65,1.13,2.8255,0.001,0.0005,0.001500000013038516,10.0
F,0.075,0.65,1.13,2.8255,0.001,0.0005,1.0049999952316284,18.0
F,0.075,0.65,1.13,2.8255,0.001,0.0005,0.001500000013038516,10.0
I,0.075,0.055,0.0,2.8255,0.001,0.0005,0.001500000013038516,10.0
F,0.075,0.65,1.13,2.8255,0.001,0.0005,0.001500000013038516,10.0
F,0.815,0.055,1.13,2.8255,0.001,0.0005,0.001500000013038516,10.0
F,0.075,0.055,1.13,2.8255,0.001,0.0005,0.001500000013038516,12.0
F,0.075,0.65,1.13,2.8255,0.001,0.0005,0.001500000013038516,14.0
F,0.075,0.65,1.13,2.8255,0.001,0.0005,0.001500000013038516,14.0
F,0.075,0.055,1.13,2.8255,0.001,0.0005,0.001500000013038516,10.0
F,0.815,0.055,1.13,2.8255,0.001,0.0005,0.001500000013038516,12.0
F,0.815,0.055,1.13,2.8255,0.001,0.0005,0.001500000013038516,12.0
M,0.075,0.65,1.13,2.8255,0.001,0.0005,0.001500000013038516,16.0
F,0.815,0.055,1.13,2.8255,0.001,0.0005,0.001500000013038516,18.0
F,0.075,0.055,1.13,2.8255,0.001,0.0005,0.001500000013038516,10.0
F,0.815,0.055,1.13,2.8255,0.001,0.0005,0.001500000013038516,10.0
F,0.075,0.65,1.13,2.8255,0.001,0.0005,0.001500000013038516,10.0
F,0.075,0.65,1.13,2.8255,0.001,0.0005,0.001500000013038516,5.0
F,0.815,0.055,1.13,2.8255,0.001,0.0005,0.001500000013038516,12.0
F,0.815,0.055,1.13,2.8255,0.001,0.0005,0.001500000013038516,12.0
F,0.075,0.65,1.13,2.8255,0.001,0.0005,0.001500000013038516,12.0
F,0.815,0.055,1.13,2.8255,0.001,0.0005,0.001500000013038516,12.0
F,0.815,0.055,1.13,2.8255,0.001,0.0005,0.001500000013038516,10.0
I,0.815,0.055,0.0,2.8255,0.001,0.0005,0.001500000013038516,1.0
F,0.815,0.055,1.13,2.8255,0.001,0.0005,0.001500000013038516,16.0
F,0.075,0.65,1.13,2.8255,0.001,0.0005,0.001500000013038516,16.0
F,0.815,0.055,1.13,2.8255,0.001,0.0005,0.001500000013038516,16.0
F,0.075,0.65,1.13,2.8255,0.001,0.0005,0.001500000013038516,18.0
F,0.815,0.055,1.13,2.8255,0.001,0.0005,0.001500000013038516,12.0
F,0.815,0.055,1.13,2.8255,0.001,0.0005,0.001500000013038516,10.0
F,0.075,0.65,1.13,2.8255,0.001,0.0005,0.001500000013038516,16.0
F,0.075,0.65,0.0,2.8255,0.001,0.0005,1.0049999952316284,10.0
F,0.075,0.65,1.13,2.8255,0.001,0.0005,0.001500000013038516,5.0
M,0.075,0.65,0.0,2.8255,0.001,0.0005,0.001500000013038516,5.0
F,0.815,0.055,1.13,2.8255,0.001,0.0005,0.001500000013038516,10.0
F,0.815,0.055,1.13,2.8255,0.001,0.0005,1.0049999952316284,6.0
F,0.075,0.055,1.13,2.8255,0.001,0.0005,0.001500000013038516,10.0
F,0.075,0.055,1.13,2.8255,0.001,0.0005,0.001500000013038516,12.0
F,0.075,0.055,1.13,2.8255,0.001,0.0005,0.001500000013038516,12.0
M,0.075,0.055,1.13,2.8255,0.001,0.0005,0.001500000013038516,16.0
F,0.815,0.055,1.13,2.8255,0.001,0.0005,0.001500000013038516,12.0
F,0.075,0.65,1.13,2.8255,0.001,0.0005,0.001500000013038516,10.0
F,0.075,0.65,1.13,2.8255,0.001,0.0005,0.001500000013038516,5.0
F,0.075,0.65,1.13,2.8255,0.001,0.0005,0.001500000013038516,14.0
F,0.815,0.055,1.13,2.8255,0.001,0.0005,0.001500000013038516,12.0
F,0.815,0.055,1.13,2.8255,0.001,0.0005,0.001500000013038516,12.0
F,0.815,0.055,1.13,2.8255,0.001,0.0005,0.001500000013038516,12.0
F,0.075,0.65,0.22167884,2.8255,0.001,0.0005,0.001500000013038516,5.0
I,0.815,0.055,1.13,2.8255,0.001,0.0005,0.001500000013038516,12.0
M,0.815,0.055,0.0,2.8255,0.001,0.0005,0.001500000013038516,29.0
F,0.075,0.65,1.13,2.8255,0.001,0.0005,0.001500000013038516,10.0
I,0.815,0.055,1.13,2.8255,0.001,0.0005,0.001500000013038516,9.0
F,0.075,0.65,1.13,2.8255,0.001,0.0005,0.001500000013038516,10.0
F,0.075,0.65,3.356067e-05,2.8255,0.001,0.0005,1.0049999952316284,6.0
F,0.815,0.055,1.13,2.8255,0.001,0.0005,0.001500000013038516,7.0
F,0.815,0.055,1.13,2.8255,0.001,0.0005,0.001500000013038516,5.0
F,0.815,0.055,1.13,2.8255,0.001,0.0005,0.001500000013038516,12.0
M,0.815,0.055,0.0,2.8255,0.001,0.0005,0.001500000013038516,16.0
F,0.075,0.055,1.13,2.8255,0.001,0.0005,0.001500000013038516,12.0
M,0.075,0.65,1.13,2.8255,0.001,0.0005,0.001500000013038516,5.0
F,0.815,0.055,1.13,2.8255,0.001,0.0005,0.001500000013038516,12.0
F,0.815,0.055,1.13,2.8255,0.001,0.0005,0.001500000013038516,12.0
F,0.075,0.65,1.13,2.8255,0.001,0.0005,0.001500000013038516,5.0
F,0.815,0.055,1.13,2.8255,0.001,0.0005,0.001500000013038516,12.0
F,0.815,0.055,1.13,2.8255,0.001,0.0005,0.001500000013038516,18.0
F,0.815,0.055,1.13,2.8255,0.001,0.0005,0.001500000013038516,12.0
F,0.815,0.055,1.13,2.8255,0.001,0.0005,0.001500000013038516,12.0
F,0.075,0.65,1.13,2.8255,0.001,0.0005,0.001500000013038516,10.0
F,0.075,0.055,1.13,2.8255,0.001,0.0005,0.001500000013038516,14.0
F,0.075,0.65,1.13,2.8255,0.001,0.0005,1.0049999952316284,10.0
F,0.815,0.055,1.13,2.8255,0.001,0.0005,0.001500000013038516,12.0
F,0.075,0.65,1.13,2.8255,0.001,0.0005,0.001500000013038516,10.0
M,0.815,0.055,1.13,2.8255,0.001,0.0005,0.001500000013038516,16.0
M,0.075,0.65,1.13,2.8255,0.001,0.0005,0.001500000013038516,16.0
F,0.075,0.65,1.13,2.8255,0.001,0.0005,0.001500000013038516,16.0
M,0.815,0.055,1.13,2.8255,0.001,0.0005,0.001500000013038516,18.0
F,0.075,0.65,1.13,2.8255,0.001,0.0005,0.001500000013038516,10.0
F,0.075,0.65,1.13,2.8255,0.001,0.0005,0.001500000013038516,16.0
F,0.815,0.055,1.13,2.8255,0.001,0.0005,0.001500000013038516,18.0
I,0.815,0.055,0.0,2.8255,0.001,0.0005,1.0049999952316284,9.0
F,0.815,0.055,1.13,2.8255,0.001,0.0005,0.001500000013038516,10.0
F,0.075,0.65,1.13,2.8255,0.001,0.0005,0.001500000013038516,10.0
F,0.815,0.055,1.13,2.8255,0.001,0.0005,1.0049999952316284,6.0
F,0.075,0.65,1.13,2.8255,0.001,0.0005,0.001500000013038516,16.0
F,0.815,0.055,1.13,2.8255,0.001,0.0005,0.001500000013038516,18.0
F,0.815,0.055,1.13,2.8255,0.001,0.0005,0.001500000013038516,12.0
F,0.075,0.65,1.13,2.8255,0.001,0.0005,0.001500000013038516,16.0
F,0.075,0.65,1.13,2.8255,0.001,0.0005,1.0049999952316284,6.0
F,0.815,0.055,1.13,2.8255,0.001,0.0005,0.001500000013038516,12.0
F,0.075,0.65,1.13,2.8255,0.001,0.0005,0.001500000013038516,10.0
M,0.815,0.055,1.13,2.8255,0.001,0.0005,0.001500000013038516,4.0
F,0.075,0.65,1.13,2.8255,0.001,0.0005,0.001500000013038516,10.0
F,0.815,0.055,1.13,2.8255,0.001,0.0005,0.001500000013038516,12.0
F,0.075,0.65,0.0,2.8255,0.001,0.0005,1.0049999952316284,6.0
F,0.075,0.65,1.13,2.8255,0.001,0.0005,0.001500000013038516,14.0
M,0.075,0.65,1.13,2.8255,0.001,0.0005,0.001500000013038516,14.0
M,0.075,0.65,0.0,2.8255,0.001,0.0005,0.001500000013038516,16.0
F,0.075,0.65,1.13,2.8255,0.001,0.0005,0.001500000013038516,10.0
F,0.075,0.65,1.13,2.8255,0.001,0.0005,0.009845479391515255,10.0
F,0.075,0.65,1.13,2.8255,0.001,0.0005,0.001500000013038516,10.0
F,0.075,0.65,1.13,2.8255,0.001,0.0005,0.001500000013038516,16.0
F,0.075,0.65,1.13,2.8255,0.001,0.0005,0.001500000013038516,10.0
F,0.815,0.055,1.13,2.8255,0.001,0.0005,0.001500000013038516,12.0
M,0.075,0.65,1.13,2.8255,0.001,0.0005,0.001500000013038516,16.0
F,0.815,0.055,1.13,2.8255,0.001,0.0005,0.001500000013038516,12.0
M,0.815,0.055,1.13,2.8255,0.001,0.0005,0.001500000013038516,18.0
F,0.815,0.055,1.13,2.8255,0.001,0.0005,0.001500000013038516,12.0
F,0.075,0.65,1.13,2.8255,0.001,0.0005,0.001500000013038516,10.0
F,0.075,0.65,1.13,2.8255,0.001,0.0005,0.001500000013038516,14.0
F,0.815,0.055,1.13,2.8255,0.001,0.0005,0.001500000013038516,12.0
F,0.815,0.055,1.13,2.8255,0.001,0.0005,0.001500000013038516,16.0
F,0.075,0.65,0.0,2.8255,0.001,0.0005,1.0049999952316284,18.0
F,0.075,0.65,1.13,2.8255,0.001,0.0005,0.001500000013038516,16.0
F,0.075,0.65,0.0,2.8255,0.001,0.0005,0.001500000013038516,5.0
F,0.075,0.65,1.13,2.8255,0.001,0.0005,0.001500000013038516,5.0
M,0.075,0.65,1.13,2.8255,0.001,0.0005,0.001500000013038516,16.0
F,0.075,0.65,1.13,2.8255,0.001,0.0005,0.001500000013038516,16.0
F,0.815,0.055,1.13,2.8255,0.001,0.0005,0.001500000013038516,12.0
F,0.075,0.65,1.13,2.8255,0.001,0.0005,0.001500000013038516,14.0
M,0.075,0.65,1.13,2.8255,0.001,0.0005,0.001500000013038516,16.0
F,0.815,0.055,1.13,2.8255,0.001,0.0005,0.001500000013038516,10.0
M,0.075,0.65,0.0,2.8255,0.001,0.0005,0.001500000013038516,16.0
F,0.815,0.055,1.13,2.8255,0.001,0.0005,0.001500000013038516,18.0
F,0.075,0.65,0.0,2.8255,0.001,0.0005,1.0049999952316284,15.0
F,0.075,0.055,1.13,2.8255,0.001,0.0005,0.001500000013038516,10.0
F,0.815,0.055,1.13,2.8255,0.001,0.0005,0.001500000013038516,12.0
F,0.075,0.65,1.13,2.8255,0.001,0.0005,0.001500000013038516,16.0
F,0.815,0.055,1.13,2.8255,0.001,0.0005,0.001500000013038516,12.0
F,0.815,0.055,1.13,2.8255,0.001,0.0005,0.001500000013038516,14.0
F,0.075,0.65,1.13,2.8255,0.001,0.0005,1.0049999952316284,10.0
F,0.815,0.055,1.13,2.8255,0.001,0.0005,0.001500000013038516,12.0
F,0.815,0.055,1.13,2.8255,0.001,0.0005,0.001500000013038516,12.0
F,0.075,0.055,1.13,2.8255,0.001,0.0005,0.001500000013038516,12.0
F,0.815,0.055,1.13,2.8255,0.001,0.0005,0.001500000013038516,12.0
M,0.815,0.055,0.0,2.8255,0.001,0.0005,0.001500000013038516,15.0
F,0.075,0.65,0.2156465,2.8255,0.001,0.0005,0.001500000013038516,10.0
F,0.075,0.055,1.13,2.8255,0.001,0.0005,0.001500000013038516,14.0
F,0.075,0.65,1.13,2.8255,0.001,0.0005,0.001500000013038516,16.0
F,0.815,0.055,1.13,2.8255,0.001,0.0005,0.001500000013038516,12.0
F,0.815,0.055,1.13,2.8255,0.001,0.0005,0.001500000013038516,12.0
M,0.075,0.055,1.13,2.8255,0.001,0.0005,0.001500000013038516,18.0
F,0.075,0.65,1.13,2.8255,0.001,0.0005,0.001500000013038516,16.0
F,0.075,0.65,1.13,2.8255,0.001,0.0005,0.001500000013038516,10.0
F,0.075,0.65,1.13,2.8255,0.001,0.0005,0.001500000013038516,10.0
M,0.815,0.055,1.13,2.8255,0.001,0.0005,0.001500000013038516,18.0
F,0.815,0.055,0.0,2.8255,0.001,0.0005,0.001500000013038516,12.0
M,0.815,0.055,0.0,2.8255,0.001,0.0005,0.001500000013038516,14.0
F,0.815,0.055,1.13,2.8255,0.001,0.0005,0.001500000013038516,12.0
I,0.815,0.055,1.13,2.8255,0.001,0.0005,0.001500000013038516,9.0
F,0.075,0.055,1.13,2.8255,0.001,0.0005,0.001500000013038516,14.0
F,0.815,0.055,1.13,2.8255,0.001,0.0005,0.001500000013038516,12.0
F,0.075,0.65,1.13,2.8255,0.001,0.0005,1.0049999952316284,6.0
F,0.815,0.055,1.13,2.8255,0.001,0.0005,0.001500000013038516,12.0
M,0.075,0.65,1.13,2.8255,0.001,0.0005,0.001500000013038516,5.0
F,0.075,0.055,1.13,2.8255,0.001,0.0005,0.001500000013038516,10.0
F,0.815,0.055,1.13,2.8255,0.001,0.0005,0.001500000013038516,12.0
F,0.815,0.055,1.13,2.8255,0.001,0.0005,0.001500000013038516,10.0
F,0.815,0.055,1.13,2.8255,0.001,0.0005,0.001500000013038516,12.0
F,0.075,0.65,1.13,2.8255,0.001,0.0005,0.001500000013038516,10.0
F,0.075,0.65,1.13,2.8255,0.001,0.0005,0.001500000013038516,10.0
F,0.075,0.65,1.13,2.8255,0.001,0.0005,0.001500000013038516,14.0
F,0.815,0.055,1.13,2.8255,0.001,0.0005,0.001500000013038516,12.0
F,0.815,0.055,1.13,2.8255,0.001,0.0005,0.001500000013038516,12.0
F,0.075,0.65,1.13,2.8255,0.001,0.0005,0.001500000013038516,10.0
F,0.075,0.65,1.13,2.8255,0.001,0.0005,0.001500000013038516,10.0
F,0.075,0.65,1.13,2.8255,0.001,0.0005,0.001500000013038516,12.0
F,0.815,0.055,1.13,2.8255,0.001,0.0005,0.001500000013038516,5.0
F,0.815,0.055,1.13,2.8255,0.001,0.0005,0.001500000013038516,12.0
F,0.815,0.055,1.13,2.8255,0.001,0.0005,0.001500000013038516,12.0
F,0.815,0.055,1.13,2.8255,0.001,0.0005,0.001500000013038516,12.0
F,0.075,0.65,1.13,2.8255,0.001,0.0005,0.001500000013038516,10.0
F,0.815,0.055,1.13,2.8255,0.001,0.0005,0.001500000013038516,12.0
F,0.075,0.65,1.13,2.8255,0.001,0.0005,0.001500000013038516,10.0
F,0.075,0.65,1.13,2.8255,0.001,0.0005,1.0049999952316284,5.0
F,0.815,0.055,1.13,2.8255,0.001,0.0005,0.001500000013038516,12.0
F,0.815,0.055,1.13,2.8255,0.001,0.0005,0.001500000013038516,12.0
F,0.075,0.65,1.13,2.8255,0.001,0.0005,0.001500000013038516,16.0
F,0.075,0.65,1.13,2.8255,0.001,0.0005,0.001500000013038516,10.0
F,0.815,0.055,1.13,2.8255,0.001,0.0005,0.001500000013038516,12.0
M,0.075,0.65,0.18326569,2.8255,0.001,0.0005,0.001500000013038516,16.0
I,0.075,0.65,0.0,2.8255,0.001,0.0005,1.0049999952316284,6.0
F,0.075,0.65,1.13,2.8255,0.001,0.0005,0.001500000013038516,10.0
M,0.075,0.65,1.13,2.8255,0.001,0.0005,0.001500000013038516,16.0
I,0.815,0.65,0.0,2.8255,0.001,0.0005,1.0049999952316284,13.0
F,0.075,0.055,1.13,2.8255,0.001,0.0005,0.001500000013038516,10.0
F,0.075,0.65,1.13,2.8255,0.001,0.0005,0.001500000013038516,14.0
F,0.075,0.055,1.13,2.8255,0.001,0.0005,0.001500000013038516,10.0
F,0.815,0.055,1.13,2.8255,0.001,0.0005,0.001500000013038516,12.0
F,0.075,0.65,1.13,2.8255,0.001,0.0005,0.001500000013038516,16.0
F,0.075,0.65,1.13,2.8255,0.001,0.0005,1.0049999952316284,6.0
F,0.075,0.65,1.13,2.8255,0.001,0.0005,0.001500000013038516,10.0
F,0.075,0.055,1.13,2.8255,0.001,0.0005,0.001500000013038516,12.0
F,0.075,0.65,1.13,2.8255,0.001,0.0005,0.001500000013038516,10.0
F,0.075,0.65,1.13,2.8255,0.001,0.0005,1.0049999952316284,10.0
M,0.075,0.65,0.0,2.8255,0.001,0.0005,0.001500000013038516,4.0
F,0.815,0.055,1.13,2.8255,0.001,0.0005,0.001500000013038516,10.0
F,0.815,0.055,1.13,2.8255,0.001,0.0005,0.001500000013038516,10.0
F,0.815,0.055,1.13,2.8255,0.001,0.0005,0.001500000013038516,12.0
F,0.075,0.055,1.13,2.8255,0.001,0.0005,0.001500000013038516,10.0
F,0.815,0.055,1.13,2.8255,0.001,0.0005,0.001500000013038516,12.0
F,0.075,0.65,0.0,2.8255,0.001,0.0005,0.001500000013038516,5.0
F,0.075,0.055,1.13,2.8255,0.001,0.0005,0.001500000013038516,14.0
F,0.075,0.055,1.13,2.8255,0.001,0.0005,0.001500000013038516,16.0
F,0.815,0.055,1.13,2.8255,0.001,0.0005,1.0049999952316284,6.0
F,0.815,0.055,1.13,2.8255,0.001,0.0005,0.001500000013038516,12.0
F,0.815,0.055,1.13,2.8255,0.001,0.0005,0.001500000013038516,12.0
F,0.075,0.65,0.0,2.8255,0.001,0.0005,1.0049999952316284,18.0
F,0.075,0.65,1.13,2.8255,0.001,0.0005,0.001500000013038516,10.0
F,0.075,0.65,1.13,2.8255,0.001,0.0005,0.001500000013038516,10.0
F,0.075,0.65,1.13,2.8255,0.001,0.0005,0.001500000013038516,5.0
M,0.815,0.055,1.13,2.8255,0.001,0.0005,0.001500000013038516,18.0
F,0.815,0.055,1.13,2.8255,0.001,0.0005,0.001500000013038516,12.0
F,0.075,0.65,1.13,2.8255,0.001,0.0005,0.001500000013038516,10.0
F,0.075,0.65,1.13,2.8255,0.001,0.0005,0.001500000013038516,10.0
M,0.815,0.055,0.0,2.8255,0.001,0.0005,0.001500000013038516,15.0
M,0.815,0.055,1.13,2.8255,0.001,0.0005,0.001500000013038516,18.0
I,0.815,0.055,1.13,2.8255,0.001,0.0005,1.0049999952316284,7.0
F,0.075,0.65,1.13,2.8255,0.001,0.0005,0.001500000013038516,10.0
F,0.815,0.055,1.13,2.8255,0.001,0.0005,0.001500000013038516,14.0
F,0.075,0.055,1.13,2.8255,0.001,0.0005,0.001500000013038516,10.0
F,0.075,0.65,1.13,2.8255,0.001,0.0005,0.001500000013038516,14.0
F,0.075,0.055,1.13,2.8255,0.001,0.0005,0.001500000013038516,14.0
F,0.815,0.055,1.13,2.8255,0.001,0.0005,0.001500000013038516,12.0
M,0.075,0.6414505,1.13,2.8255,0.001,0.0005,0.001500000013038516,16.0
F,0.075,0.65,1.13,2.8255,0.001,0.0005,0.001500000013038516,16.0
F,0.815,0.055,1.13,2.8255,0.001,0.0005,0.001500000013038516,12.0
F,0.075,0.055,1.13,2.8255,0.001,0.0005,0.001500000013038516,10.0
M,0.075,0.65,1.13,2.8255,0.001,0.0005,0.001500000013038516,16.0
F,0.815,0.055,1.13,2.8255,0.001,0.0005,0.001500000013038516,12.0
F,0.075,0.65,1.13,2.8255,0.001,0.0005,0.001500000013038516,10.0
M,0.075,0.65,1.13,0.002,0.001,0.0005,0.001500000013038516,4.0
M,0.075,0.055,0.0,2.8255,0.001,0.0005,0.001500000013038516,16.0
F,0.815,0.055,1.13,2.8255,0.001,0.0005,0.001500000013038516,16.0
F,0.075,0.65,1.13,2.8255,0.001,0.0005,0.001500000013038516,10.0
F,0.815,0.055,1.13,2.8255,0.001,0.0005,0.001500000013038516,10.0
F,0.815,0.055,1.13,2.8255,0.001,0.0005,0.001500000013038516,12.0
F,0.075,0.65,1.13,2.8255,0.001,0.0005,0.001500000013038516,14.0
F,0.815,0.055,1.13,2.8255,0.001,0.0005,0.001500000013038516,12.0
M,0.075,0.65,1.13,2.8255,0.001,0.0005,0.001500000013038516,16.0
F,0.075,0.65,1.13,2.8255,0.001,0.0005,0.001500000013038516,16.0
F,0.815,0.055,1.13,2.8255,0.001,0.0005,0.001500000013038516,5.0
F,0.075,0.65,1.13,2.8255,0.001,0.0005,0.001500000013038516,14.0
M,0.815,0.055,1.13,2.8255,0.001,0.0005,0.001500000013038516,18.0
M,0.075,0.65,1.13,2.8255,0.001,0.0005,0.001500000013038516,16.0
F,0.075,0.65,1.13,2.8255,0.001,0.0005,1.0049999952316284,12.0
M,0.815,0.055,1.13,2.8255,0.001,0.0005,0.001500000013038516,18.0
F,0.075,0.65,1.13,2.8255,0.001,0.0005,0.001500000013038516,16.0
F,0.815,0.055,1.13,2.8255,0.001,0.0005,0.001500000013038516,12.0
F,0.815,0.055,1.13,2.8255,0.001,0.0005,0.001500000013038516,12.0
F,0.075,0.65,1.13,2.8255,0.001,0.0005,0.001500000013038516,10.0
F,0.815,0.055,1.13,2.8255,0.001,0.0005,0.001500000013038516,12.0
F,0.815,0.055,1.13,2.8255,0.001,0.0005,0.001500000013038516,12.0
F,0.815,0.055,1.13,2.8255,0.001,0.0005,0.001500000013038516,12.0
F,0.815,0.055,1.13,2.8255,0.001,0.0005,1.0049999952316284,10.0
F,0.815,0.055,1.13,2.8255,0.001,0.0005,0.001500000013038516,10.0
F,0.075,0.055,1.13,2.8255,0.001,0.0005,0.001500000013038516,14.0
F,0.815,0.055,1.13,2.8255,0.001,0.0005,0.001500000013038516,10.0
F,0.075,0.055,1.13,2.8255,0.001,0.0005,0.001500000013038516,10.0
F,0.075,0.055,1.13,2.8255,0.001,0.0005,0.001500000013038516,14.0
F,0.075,0.65,1.13,2.8255,0.001,0.0005,0.001500000013038516,5.0
F,0.075,0.055,1.13,2.8255,0.001,0.0005,0.001500000013038516,10.0
F,0.815,0.055,1.13,2.8255,0.001,0.0005,0.001500000013038516,18.0
F,0.815,0.055,1.13,2.8255,0.001,0.0005,0.001500000013038516,12.0
F,0.075,0.65,1.13,2.8255,0.001,0.0005,0.001500000013038516,14.0
F,0.075,0.65,1.13,2.8255,0.001,0.0005,0.001500000013038516,10.0
F,0.815,0.055,1.13,2.8255,0.001,0.0005,0.001500000013038516,10.0
F,0.075,0.65,1.13,2.8255,0.001,0.0005,0.001500000013038516,10.0
F,0.815,0.055,1.13,2.8255,0.001,0.0005,0.001500000013038516,10.0
M,0.075,0.65,0.0,2.8255,0.001,0.0005,0.001500000013038516,16.0
F,0.815,0.055,1.13,2.8255,0.001,0.0005,0.001500000013038516,12.0
F,0.075,0.055,1.13,2.8255,0.001,0.0005,0.001500000013038516,14.0
F,0.815,0.055,1.13,2.8255,0.001,0.0005,0.001500000013038516,12.0
F,0.815,0.055,1.13,2.8255,0.001,0.0005,0.001500000013038516,4.0
F,0.815,0.055,1.13,2.8255,0.001,0.0005,0.0015007256297394633,10.0
M,0.075,0.65,1.13,2.8255,0.001,0.0005,1.0049999952316284,18.0
F,0.815,0.055,1.13,2.8255,0.001,0.0005,0.001500000013038516,12.0
F,0.075,0.055,1.13,2.8255,0.001,0.0005,0.001500000013038516,12.0
F,0.075,0.65,0.0,2.8255,0.001,0.0005,1.0049999952316284,6.0
F,0.075,0.65,1.13,2.8255,0.001,0.0005,0.001500000013038516,10.0
F,0.075,0.65,1.13,2.8255,0.001,0.0005,1.0049999952316284,6.0
M,0.075,0.055,1.13,2.8255,0.001,0.0005,0.001500000013038516,16.0
M,0.815,0.055,1.13,2.8255,0.001,0.0005,0.001500000013038516,18.0
F,0.075,0.65,1.13,2.8255,0.001,0.0005,0.001500000013038516,10.0
F,0.815,0.055,1.13,2.8255,0.001,0.0005,1.0049999952316284,9.0
F,0.075,0.055,1.13,2.8255,0.001,0.0005,0.001500000013038516,10.0
F,0.815,0.055,1.13,2.8255,0.001,0.0005,0.001500000013038516,12.0
F,0.075,0.65,1.13,2.8255,0.001,0.0005,0.001500000013038516,10.0
F,0.815,0.055,1.13,2.8255,0.001,0.0005,0.001500000013038516,12.0
F,0.075,0.65,1.13,2.8255,0.001,0.0005,0.001500000013038516,14.0
F,0.075,0.65,1.13,2.8255,0.001,0.0005,0.001500000013038516,10.0
F,0.075,0.65,1.13,2.8255,0.001,0.0005,0.001500000013038516,16.0
F,0.075,0.65,1.13,2.8255,0.001,0.0005,0.001500000013038516,5.0
F,0.075,0.65,1.13,2.8255,0.001,0.0005,0.001500000013038516,16.0
F,0.815,0.055,1.13,2.8255,0.001,0.0005,0.001500000013038516,12.0
M,0.075,0.65,1.13,2.8255,0.001,0.0005,0.001500000013038516,16.0
F,0.075,0.65,1.13,2.8255,0.001,0.0005,0.001500000013038516,10.0
F,0.075,0.055,1.13,2.8255,0.001,0.0005,0.001500000013038516,12.0
F,0.075,0.65,1.13,2.8255,0.001,0.0005,0.001500000013038516,10.0
F,0.075,0.65,0.0,2.8255,0.001,0.0005,0.001500000013038516,14.0
F,0.815,0.055,1.13,2.8255,0.001,0.0005,0.001500000013038516,12.0
F,0.815,0.055,1.13,2.8255,0.001,0.0005,0.001500000013038516,12.0
F,0.815,0.055,1.13,2.8255,0.001,0.0005,0.001500000013038516,5.0
F,0.075,0.65,1.13,2.8255,0.001,0.0005,0.001500000013038516,5.0
M,0.075,0.65,1.13,2.8255,0.001,0.0005,0.001500000013038516,16.0
F,0.075,0.65,1.13,2.8255,0.001,0.0005,0.001500000013038516,5.0
M,0.815,0.055,1.13,2.8255,0.001,0.0005,0.001500000013038516,18.0
M,0.075,0.65,1.13,2.8255,0.001,0.0005,0.001500000013038516,16.0
F,0.815,0.055,1.13,2.8255,0.001,0.0005,0.001500000013038516,10.0
F,0.075,0.65,1.13,2.8255,0.001,0.0005,0.001500000013038516,10.0
F,0.815,0.055,1.13,2.8255,0.001,0.0005,0.001500000013038516,12.0
F,0.815,0.055,1.13,2.8255,0.001,0.0005,0.001500000013038516,10.0
F,0.075,0.65,1.13,2.8255,0.001,0.0005,0.001500000013038516,17.0
F,0.075,0.65,1.13,2.8255,0.001,0.0005,0.001500000013038516,10.0
F,0.075,0.65,1.13,2.8255,0.001,0.0005,0.001500000013038516,16.0
F,0.075,0.65,1.13,2.8255,0.001,0.0005,0.001500000013038516,10.0
F,0.815,0.055,1.13,2.8255,0.001,0.0005,0.001500000013038516,12.0
F,0.075,0.65,1.13,2.8255,0.001,0.0005,1.0049999952316284,10.0
F,0.075,0.65,1.13,2.8255,0.001,0.0005,0.001500000013038516,16.0
F,0.075,0.65,1.13,2.8255,0.001,0.0005,1.0049999952316284,10.0
F,0.075,0.055,1.13,2.8255,0.001,0.0005,1.0049999952316284,12.0
F,0.075,0.055,1.13,2.8255,0.001,0.0005,0.001500000013038516,12.0
F,0.075,0.65,1.13,2.8255,0.001,0.0005,0.001500000013038516,10.0
F,0.075,0.055,1.13,2.8255,0.001,0.0005,0.001500000013038516,10.0
F,0.815,0.055,1.13,2.8255,0.001,0.0005,0.001500000013038516,12.0
F,0.075,0.65,1.13,2.8255,0.001,0.0005,0.001500000013038516,14.0
F,0.815,0.055,1.13,2.8255,0.001,0.0005,0.001500000013038516,5.0
F,0.815,0.055,1.13,2.8255,0.001,0.0005,0.001500000013038516,12.0
F,0.075,0.055,1.13,2.8255,0.001,0.0005,0.001500000013038516,14.0
F,0.815,0.055,1.13,2.8255,0.001,0.0005,0.001500000013038516,18.0
F,0.075,0.65,1.13,2.8255,0.001,0.0005,0.001500000013038516,10.0
F,0.075,0.65,1.13,2.8255,0.001,0.0005,0.001500000013038516,10.0
F,0.075,0.65,1.13,2.8255,0.001,0.0005,0.001500000013038516,5.0
I,0.815,0.055,1.13,2.8255,0.001,0.0005,1.0049999952316284,6.0
F,0.075,0.055,1.13,2.8255,0.001,0.0005,0.001500000013038516,10.0
M,0.815,0.055,0.0,2.8255,0.001,0.0005,0.001500000013038516,18.0
F,0.075,0.055,1.13,2.8255,0.001,0.0005,0.001500000013038516,13.0
F,0.075,0.65,1.13,2.8255,0.001,0.0005,0.001500000013038516,10.0
F,0.815,0.055,1.13,2.8255,0.001,0.0005,0.001500000013038516,18.0
I,0.815,0.055,0.0,2.8255,0.001,0.0005,0.001500000013038516,12.0
M,0.075,0.65,0.0,2.8255,0.001,0.0005,0.001500000013038516,16.0
F,0.075,0.65,1.13,2.8255,0.001,0.0005,0.001500000013038516,10.0
M,0.075,0.65,1.13,2.8255,0.001,0.0005,0.001500000013038516,16.0
F,0.815,0.055,1.13,2.8255,0.001,0.0005,0.001500000013038516,12.0
F,0.815,0.055,1.13,2.8255,0.001,0.0005,0.001500000013038516,12.0
F,0.075,0.65,1.13,2.8255,0.001,0.0005,0.001500000013038516,10.0
F,0.075,0.65,1.13,2.8255,0.001,0.0005,0.001500000013038516,10.0
M,0.075,0.65,1.13,2.8255,0.001,0.0005,0.001500000013038516,5.0
F,0.815,0.055,1.13,2.8255,0.001,0.0005,0.001500000013038516,10.0
F,0.075,0.055,1.13,2.8255,0.001,0.0005,0.001500000013038516,10.0
F,0.815,0.055,1.13,2.8255,0.001,0.0005,0.001500000013038516,16.0
M,0.075,0.65,1.13,2.8255,0.001,0.0005,0.001500000013038516,16.0
F,0.815,0.055,1.13,2.8255,0.001,0.0005,0.001500000013038516,18.0
F,0.815,0.055,1.13,2.8255,0.001,0.0005,0.001500000013038516,12.0
M,0.075,0.65,0.0,2.8255,0.001,0.0005,1.0049999952316284,18.0
F,0.075,0.65,1.13,2.8255,0.001,0.0005,0.001500000013038516,16.0
F,0.075,0.055,1.13,2.8255,0.001,0.0005,0.001500000013038516,12.0
F,0.075,0.055,1.13,2.8255,0.001,0.0005,0.001500000013038516,10.0
F,0.075,0.65,1.13,2.8255,0.001,0.0005,0.001500000013038516,16.0
F,0.075,0.65,1.13,2.8255,0.001,0.0005,1.0049999952316284,6.0
F,0.815,0.055,1.13,2.8255,0.001,0.0005,0.001500000013038516,18.0
F,0.075,0.65,1.13,2.8255,0.001,0.0005,0.001500000013038516,10.0
F,0.075,0.65,1.13,2.8255,0.001,0.0005,0.001500000013038516,10.0
M,0.075,0.65,0.0,2.8255,0.001,0.0005,1.0049999952316284,4.0
F,0.815,0.055,1.13,2.8255,0.001,0.0005,0.001500000013038516,10.0
F,0.075,0.055,1.13,2.8255,0.001,0.0005,0.001500000013038516,10.0
M,0.075,0.65,0.0,2.8255,0.001,0.0005,0.001500000013038516,16.0
F,0.815,0.055,1.13,2.8255,0.001,0.0005,0.001500000013038516,10.0
F,0.075,0.65,1.13,2.8255,0.001,0.0005,0.001500000013038516,10.0
F,0.075,0.65,1.13,2.8255,0.001,0.0005,0.001500000013038516,10.0
F,0.815,0.055,1.13,2.8255,0.001,0.0005,0.001500000013038516,12.0
F,0.075,0.055,1.13,2.8255,0.001,0.0005,0.001500000013038516,10.0
M,0.075,0.055,1.13,2.8255,0.001,0.0005,0.001500000013038516,16.0
F,0.815,0.055,1.13,2.8255,0.001,0.0005,0.001500000013038516,12.0
F,0.075,0.65,1.13,2.8255,0.001,0.0005,1.0049999952316284,10.0
F,0.815,0.055,1.13,2.8255,0.001,0.0005,0.001500000013038516,12.0
M,0.075,0.65,0.0,2.8255,0.001,0.0005,1.0049999952316284,18.0
F,0.815,0.055,1.13,2.8255,0.001,0.0005,0.001500000013038516,18.0
F,0.075,0.65,1.13,2.8255,0.001,0.0005,0.001500000013038516,14.0
F,0.075,0.055,1.13,2.8255,0.001,0.0005,0.001500000013038516,12.0
F,0.075,0.65,1.13,2.8255,0.001,0.0005,0.001500000013038516,10.0
M,0.815,0.055,0.0,2.8255,0.001,0.0005,0.001500000013038516,16.0
I,0.815,0.055,0.0,2.8255,0.001,0.0005,1.0049999952316284,7.0
F,0.075,0.055,1.13,2.8255,0.001,0.0005,0.001500000013038516,12.0
F,0.075,0.65,1.13,2.8255,0.001,0.0005,0.001500000013038516,16.0
F,0.815,0.055,1.13,2.8255,0.001,0.0005,0.001500000013038516,11.0
F,0.815,0.055,1.13,2.8255,0.001,0.0005,0.001500000013038516,12.0
F,0.075,0.65,1.13,2.8255,0.001,0.0005,0.001500000013038516,5.0
F,0.815,0.055,1.13,2.8255,0.001,0.0005,0.001500000013038516,12.0
F,0.075,0.65,1.13,2.8255,0.001,0.0005,1.0049999952316284,6.0
F,0.815,0.055,1.13,2.8255,0.001,0.0005,0.001500000013038516,12.0
F,0.815,0.055,1.13,2.8255,0.001,0.0005,0.001500000013038516,14.0
F,0.815,0.055,1.13,2.8255,0.001,0.0005,0.001500000013038516,12.0
F,0.815,0.055,1.13,2.8255,0.001,0.0005,0.001500000013038516,18.0
M,0.075,0.055,1.13,2.8255,0.001,0.0005,0.001500000013038516,16.0
F,0.075,0.65,1.13,2.8255,0.001,0.0005,0.001500000013038516,14.0
F,0.815,0.055,1.13,2.8255,0.001,0.0005,0.001500000013038516,12.0
F,0.815,0.055,1.13,2.8255,0.001,0.0005,0.001500000013038516,12.0
M,0.815,0.055,1.13,2.8255,0.001,0.0005,0.001500000013038516,18.0
F,0.075,0.65,1.13,2.8255,0.001,0.0005,0.001500000013038516,17.0
F,0.815,0.055,1.13,2.8255,0.001,0.0005,0.001500000013038516,12.0
F,0.815,0.055,1.13,2.8255,0.001,0.0005,0.001500000013038516,18.0
F,0.815,0.055,1.13,2.8255,0.001,0.0005,0.001500000013038516,10.0
M,0.075,0.65,1.13,2.8255,0.001,0.0005,0.001500000013038516,16.0
F,0.075,0.055,1.13,2.8255,0.001,0.0005,0.001500000013038516,10.0
F,0.075,0.055,1.13,2.8255,0.001,0.0005,0.001500000013038516,10.0
F,0.075,0.055,1.13,2.8255,0.001,0.0005,0.001500000013038516,10.0
F,0.815,0.055,1.13,2.8255,0.001,0.0005,0.001500000013038516,12.0
F,0.815,0.055,1.13,2.8255,0.001,0.0005,0.001500000013038516,12.0
F,0.075,0.055,1.13,2.8255,0.001,0.0005,0.001500000013038516,10.0
F,0.815,0.055,1.13,2.8255,0.001,0.0005,0.001500000013038516,12.0
F,0.075,0.055,1.13,2.8255,0.001,0.0005,0.001500000013038516,14.0
F,0.815,0.055,1.13,2.8255,0.001,0.0005,0.001500000013038516,12.0
M,0.075,0.65,1.13,2.8255,0.001,0.0005,0.001500000013038516,16.0
F,0.815,0.055,1.13,2.8255,0.001,0.0005,0.001500000013038516,18.0
M,0.815,0.055,1.13,2.8255,0.001,0.0005,0.001500000013038516,14.0
F,0.815,0.055,1.13,2.8255,0.001,0.0005,1.0049999952316284,6.0
F,0.075,0.055,1.13,2.8255,0.001,0.0005,0.001500000013038516,10.0
F,0.075,0.65,1.13,2.8255,0.001,0.0005,0.001500000013038516,10.0
F,0.075,0.055,1.13,2.8255,0.001,0.0005,0.001500000013038516,10.0
I,0.815,0.055,1.13,2.8255,0.001,0.0005,0.001500000013038516,12.0
M,0.075,0.65,1.13,2.8255,0.001,0.0005,0.001500000013038516,16.0
F,0.075,0.65,1.13,2.8255,0.001,0.0005,0.001500000013038516,5.0
F,0.075,0.055,1.13,2.8255,0.001,0.0005,0.001500000013038516,12.0
F,0.075,0.65,1.13,2.8255,0.001,0.0005,0.001500000013038516,10.0
F,0.075,0.055,1.13,2.8255,0.001,0.0005,0.001500000013038516,10.0
F,0.075,0.65,1.13,2.8255,0.001,0.0005,0.001500000013038516,16.0
F,0.815,0.055,1.13,2.8255,0.001,0.0005,0.001500000013038516,12.0
M,0.815,0.055,0.0,2.8255,0.001,0.0005,0.001500000013038516,16.0
F,0.815,0.055,1.13,2.8255,0.001,0.0005,0.001500000013038516,12.0
F,0.075,0.65,0.0,2.8255,0.001,0.0005,1.0049999952316284,18.0
F,0.815,0.055,1.13,2.8255,0.001,0.0005,0.001500000013038516,12.0
F,0.075,0.055,1.13,2.8255,0.001,0.0005,0.001500000013038516,10.0
I,0.815,0.055,1.13,2.8255,0.001,0.0005,0.001500000013038516,18.0
F,0.075,0.65,1.13,2.8255,0.001,0.0005,0.001500000013038516,16.0
F,0.075,0.65,1.13,2.8255,0.001,0.0005,0.001500000013038516,16.0
F,0.075,0.65,1.13,2.8255,0.001,0.0005,0.001500000013038516,5.0
M,0.815,0.055,0.0,2.8255,0.001,0.0005,0.001500000013038516,5.0
F,0.075,0.65,1.13,2.8255,0.001,0.0005,1.0049999952316284,6.0
F,0.815,0.055,1.13,2.8255,0.001,0.0005,0.001500000013038516,12.0
F,0.815,0.055,1.13,2.8255,0.001,0.0005,0.001500000013038516,18.0
F,0.075,0.65,1.13,2.8255,0.001,0.0005,0.001500000013038516,10.0
F,0.075,0.055,1.13,2.8255,0.001,0.0005,0.001500000013038516,12.0
F,0.075,0.65,1.13,2.8255,0.001,0.0005,0.001500000013038516,12.0
F,0.075,0.65,1.13,2.8255,0.001,0.0005,0.001500000013038516,16.0
F,0.075,0.65,1.13,2.8255,0.001,0.0005,0.001500000013038516,14.0
F,0.815,0.055,1.13,2.8255,0.001,0.0005,0.001500000013038516,12.0
F,0.075,0.65,1.13,2.8255,0.001,0.0005,0.001500000013038516,14.0
F,0.815,0.055,1.13,2.8255,0.001,0.0005,0.001500000013038516,12.0
F,0.075,0.65,1.13,2.8255,0.001,0.0005,0.001500000013038516,16.0
M,0.075,0.65,0.0,2.8255,0.001,0.0005,0.001500000013038516,16.0
F,0.075,0.65,1.13,2.8255,0.001,0.0005,1.0049999952316284,10.0
F,0.815,0.055,1.13,2.8255,0.001,0.0005,0.001500000013038516,10.0
F,0.815,0.055,1.13,2.8255,0.001,0.0005,0.001500000013038516,12.0
F,0.815,0.055,1.13,2.8255,0.001,0.0005,0.001500000013038516,12.0
M,0.815,0.055,1.13,2.8255,0.001,0.0005,0.001500000013038516,14.0
F,0.815,0.055,1.13,2.8255,0.001,0.0005,0.001500000013038516,10.0
F,0.815,0.055,1.13,2.8255,0.001,0.0005,0.001500000013038516,12.0
I,0.815,0.055,0.0,2.8255,0.001,0.0005,1.0049999952316284,13.0
F,0.815,0.055,1.13,2.8255,0.001,0.0005,0.001500000013038516,12.0
F,0.815,0.055,1.13,2.8255,0.001,0.0005,0.001500000013038516,10.0
F,0.815,0.055,1.13,2.8255,0.001,0.0005,0.001500000013038516,5.0
F,0.075,0.65,1.13,2.8255,0.001,0.0005,0.001500000013038516,12.0
F,0.075,0.65,1.13,2.8255,0.001,0.0005,0.001500000013038516,10.0
M,0.075,0.65,0.0,2.8255,0.001,0.0005,0.001500000013038516,15.0
M,0.075,0.65,1.13,2.8255,0.001,0.0005,0.001500000013038516,16.0
M,0.815,0.055,0.0,2.8255,0.001,0.0005,0.001500000013038516,5.0
M,0.075,0.055,1.13,2.8255,0.001,0.0005,0.001500000013038516,16.0
F,0.075,0.65,1.13,2.8255,0.001,0.0005,0.001500000013038516,10.0
F,0.815,0.055,1.13,2.8255,0.001,0.0005,0.001500000013038516,16.0
F,0.815,0.055,1.13,2.8255,0.001,0.0005,0.001500000013038516,12.0
F,0.075,0.65,1.13,2.8255,0.001,0.0005,0.001500000013038516,10.0
F,0.815,0.055,1.13,2.8255,0.001,0.0005,0.001500000013038516,12.0
M,0.075,0.65,1.13,2.8255,0.001,0.0005,0.001500000013038516,16.0
F,0.815,0.055,1.13,2.8255,0.001,0.0005,0.001500000013038516,10.0
F,0.075,0.055,1.13,2.8255,0.001,0.0005,0.001500000013038516,12.0
F,0.815,0.055,1.13,2.8255,0.001,0.0005,0.001500000013038516,12.0
M,0.815,0.055,0.0,2.8255,0.001,0.0005,0.001500000013038516,14.0
F,0.075,0.65,1.13,2.8255,0.001,0.0005,0.001500000013038516,16.0
F,0.075,0.65,1.13,2.8255,0.001,0.0005,0.001500000013038516,10.0
F,0.075,0.65,1.13,2.8255,0.001,0.0005,0.001500000013038516,10.0
F,0.815,0.055,1.13,2.8255,0.001,0.0005,0.001500000013038516,12.0
F,0.815,0.055,1.13,2.8255,0.001,0.0005,0.001500000013038516,12.0
M,0.075,0.65,1.13,2.8255,0.001,0.0005,0.001500000013038516,5.0
F,0.075,0.65,1.13,2.8255,0.001,0.0005,0.001500000013038516,10.0
F,0.075,0.65,1.13,2.8255,0.001,0.0005,0.001500000013038516,10.0
F,0.815,0.055,1.13,2.8255,0.001,0.0005,0.001500000013038516,12.0
F,0.815,0.055,1.13,2.8255,0.001,0.0005,0.001500000013038516,18.0
F,0.815,0.055,1.13,2.8255,0.001,0.0005,0.001500000013038516,12.0
F,0.815,0.055,1.13,2.8255,0.001,0.0005,1.0049999952316284,8.0
F,0.815,0.055,1.13,2.8255,0.001,0.0005,0.001500000013038516,12.0
F,0.075,0.65,1.13,2.8255,0.001,0.0005,0.001500000013038516,17.0
F,0.075,0.65,1.13,2.8255,0.001,0.0005,1.0049999952316284,12.0
F,0.075,0.055,1.13,2.8255,0.001,0.0005,0.001500000013038516,16.0
F,0.075,0.055,1.13,2.8255,0.001,0.0005,0.001500000013038516,10.0
F,0.075,0.65,1.13,2.8255,0.001,0.0005,0.001500000013038516,10.0
F,0.075,0.65,1.13,2.8255,0.001,0.0005,0.001500000013038516,10.0
F,0.075,0.055,1.13,2.8255,0.001,0.0005,0.001500000013038516,12.0
F,0.075,0.65,1.13,2.8255,0.001,0.0005,0.001500000013038516,14.0
M,0.075,0.65,1.13,2.8255,0.001,0.0005,0.001500000013038516,16.0
F,0.815,0.055,1.13,2.8255,0.001,0.0005,0.001500000013038516,12.0
F,0.075,0.055,1.13,2.8255,0.001,0.0005,0.001500000013038516,12.0
M,0.075,0.65,1.13,2.8255,0.001,0.0005,0.001500000013038516,16.0
F,0.075,0.65,1.13,2.8255,0.001,0.0005,0.001500000013038516,5.0
F,0.075,0.055,1.13,2.8255,0.001,0.0005,0.001500000013038516,14.0
F,0.815,0.055,1.13,2.8255,0.001,0.0005,0.001500000013038516,12.0
F,0.075,0.055,1.13,2.8255,0.001,0.0005,0.001500000013038516,10.0
F,0.815,0.055,1.13,2.8255,0.001,0.0005,0.001500000013038516,10.0
F,0.075,0.65,1.13,2.8255,0.001,0.0005,1.0049999952316284,6.0
F,0.815,0.055,1.13,2.8255,0.001,0.0005,0.001500000013038516,10.0
F,0.075,0.055,1.13,2.8255,0.001,0.0005,0.001500000013038516,10.0
F,0.075,0.65,1.13,2.8255,0.001,0.0005,0.001500000013038516,14.0
M,0.815,0.055,0.0,2.8255,0.001,0.0005,0.001500000013038516,15.0
F,0.815,0.055,1.13,2.8255,0.001,0.0005,0.001500000013038516,18.0
F,0.075,0.65,1.13,2.8255,0.001,0.0005,0.001500000013038516,14.0
F,0.075,0.65,1.13,2.8255,0.001,0.0005,0.001500000013038516,16.0
M,0.815,0.055,0.0,2.8255,0.001,0.0005,0.001500000013038516,16.0
F,0.075,0.65,1.13,2.8255,0.001,0.0005,0.001500000013038516,10.0
I,0.815,0.055,1.13,2.8255,0.001,0.0005,0.001500000013038516,9.0
F,0.815,0.055,1.13,2.8255,0.001,0.0005,0.001500000013038516,12.0
M,0.815,0.055,1.13,2.8255,0.001,0.0005,0.001500000013038516,18.0
F,0.075,0.65,1.13,2.8255,0.001,0.0005,0.001500000013038516,16.0
I,0.815,0.055,0.0,2.8255,0.001,0.0005,0.001500000013038516,14.0
F,0.815,0.055,1.13,2.8255,0.001,0.0005,1.0049999952316284,7.0
F,0.075,0.055,1.13,2.8255,0.001,0.0005,0.001500000013038516,10.0
F,0.075,0.65,1.13,2.8255,0.001,0.0005,0.001500000013038516,10.0
F,0.075,0.65,1.13,2.8255,0.001,0.0005,0.001500000013038516,10.0
I,0.815,0.055,1.13,2.8255,0.001,0.0005,0.001500000013038516,18.0
F,0.815,0.055,1.13,2.8255,0.001,0.0005,0.001500000013038516,5.0
F,0.815,0.055,1.13,2.8255,0.001,0.0005,0.001500000013038516,10.0
F,0.075,0.65,1.13,2.8255,0.001,0.0005,0.001500000013038516,10.0
F,0.815,0.055,1.13,2.8255,0.001,0.0005,0.001500000013038516,16.0
I,0.815,0.055,1.13,2.8255,0.001,0.0005,0.001500000013038516,9.0
M,0.815,0.055,1.13,2.8255,0.001,0.0005,0.001500000013038516,15.0
F,0.075,0.65,1.13,2.8255,0.001,0.0005,0.001500000013038516,10.0
F,0.075,0.055,1.13,2.8255,0.001,0.0005,0.001500000013038516,14.0
M,0.815,0.055,1.13,2.8255,0.001,0.0005,0.001500000013038516,18.0
F,0.075,0.65,1.13,2.8255,0.001,0.0005,0.001500000013038516,14.0
F,0.815,0.055,1.13,2.8255,0.001,0.0005,0.001500000013038516,12.0
F,0.075,0.65,1.13,2.8255,0.001,0.0005,0.001500000013038516,14.0
F,0.075,0.055,1.13,2.8255,0.001,0.0005,0.001500000013038516,10.0
M,0.815,0.055,1.13,2.8255,0.001,0.0005,0.001500000013038516,14.0
F,0.815,0.055,1.13,2.8255,0.001,0.0005,0.001500000013038516,12.0
M,0.815,0.055,1.13,2.8255,0.001,0.0005,0.001500000013038516,16.0
M,0.815,0.055,1.13,2.8255,0.001,0.0005,0.001500000013038516,18.0
F,0.075,0.055,1.13,2.8255,0.001,0.0005,0.001500000013038516,12.0
F,0.075,0.65,1.13,2.8255,0.001,0.0005,0.001500000013038516,5.0
F,0.075,0.65,1.13,2.8255,0.001,0.0005,1.0049999952316284,10.0
F,0.815,0.055,1.13,2.8255,0.001,0.0005,0.001500000013038516,12.0
F,0.075,0.65,1.13,2.8255,0.001,0.0005,0.001500000013038516,10.0
F,0.075,0.65,1.13,2.8255,0.001,0.0005,0.001500000013038516,10.0
F,0.075,0.65,1.13,2.8255,0.001,0.0005,0.001500000013038516,5.0
M,0.815,0.055,1.13,2.8255,0.001,0.0005,0.001500000013038516,14.0
F,0.815,0.055,1.13,2.8255,0.001,0.0005,0.001500000013038516,10.0
M,0.075,0.65,0.0,2.8255,0.001,0.0005,1.0049999952316284,18.0
F,0.815,0.055,1.13,2.8255,0.001,0.0005,0.001500000013038516,10.0
F,0.075,0.055,1.13,2.8255,0.001,0.0005,0.001500000013038516,12.0
F,0.815,0.055,1.13,2.8255,0.001,0.0005,0.001500000013038516,12.0
F,0.075,0.65,1.13,2.8255,0.001,0.0005,0.001500000013038516,16.0
F,0.075,0.055,1.13,2.8255,0.001,0.0005,0.001500000013038516,12.0
F,0.075,0.65,1.13,2.8255,0.001,0.0005,1.0049999952316284,5.0
F,0.815,0.055,1.13,2.8255,0.001,0.0005,0.001500000013038516,12.0
F,0.815,0.055,1.13,2.8255,0.001,0.0005,0.001500000013038516,12.0
M,0.075,0.65,0.0,2.8255,0.001,0.0005,0.001500000013038516,5.0
M,0.075,0.055,1.13,2.8255,0.001,0.0005,0.001500000013038516,16.0
M,0.075,0.65,0.0,2.8255,0.001,0.0005,0.001500000013038516,16.0
F,0.815,0.055,1.13,2.8255,0.001,0.0005,1.0049999952316284,6.0
F,0.075,0.65,1.13,2.8255,0.001,0.0005,0.001500000013038516,16.0
M,0.815,0.055,1.13,2.8255,0.001,0.0005,0.001500000013038516,18.0
F,0.815,0.055,1.13,2.8255,0.001,0.0005,0.001500000013038516,12.0
M,0.075,0.65,0.0,2.8255,0.001,0.0005,0.001500000013038516,5.0
F,0.815,0.055,1.13,2.8255,0.001,0.0005,0.001500000013038516,12.0
F,0.815,0.055,1.13,2.8255,0.001,0.0005,0.001500000013038516,12.0
M,0.075,0.65,1.13,2.8255,0.001,0.0005,0.001500000013038516,16.0
F,0.075,0.65,1.13,2.8255,0.001,0.0005,0.001500000013038516,16.0
F,0.815,0.055,1.13,2.8255,0.001,0.0005,0.001500000013038516,12.0
M,0.075,0.65,1.13,2.8255,0.001,0.0005,0.001500000013038516,16.0
F,0.075,0.65,0.0,2.8255,0.001,0.0005,0.001500000013038516,5.0
F,0.075,0.055,1.13,2.8255,0.001,0.0005,0.001500000013038516,10.0
F,0.075,0.65,1.13,2.8255,0.001,0.0005,0.001500000013038516,10.0
F,0.815,0.055,1.13,2.8255,0.001,0.0005,0.001500000013038516,10.0
M,0.075,0.65,1.13,2.8255,0.001,0.0005,0.001500000013038516,16.0
F,0.075,0.055,1.13,2.8255,0.001,0.0005,0.001500000013038516,10.0
F,0.815,0.055,1.13,2.8255,0.001,0.0005,0.001500000013038516,10.0
F,0.815,0.055,1.13,2.8255,0.001,0.0005,0.001500000013038516,12.0
F,0.815,0.055,1.13,2.8255,0.001,0.0005,0.001500000013038516,10.0
F,0.075,0.65,1.13,2.8255,0.001,0.0005,0.001500000013038516,10.0
F,0.075,0.65,1.13,2.8255,0.001,0.0005,0.001500000013038516,14.0
F,0.075,0.055,1.13,2.8255,0.001,0.0005,0.001500000013038516,12.0
F,0.075,0.65,1.13,2.8255,0.001,0.0005,0.001500000013038516,10.0
F,0.815,0.055,1.13,2.8255,0.001,0.0005,0.001500000013038516,12.0
F,0.815,0.055,1.13,2.8255,0.001,0.0005,0.001500000013038516,10.0
I,0.815,0.055,1.13,2.8255,0.001,0.0005,0.001500000013038516,12.0
F,0.075,0.65,1.13,2.8255,0.001,0.0005,0.001500000013038516,10.0
F,0.815,0.055,1.13,2.8255,0.001,0.0005,0.001500000013038516,10.0
F,0.815,0.055,1.13,2.8255,0.001,0.0005,0.001500000013038516,18.0
M,0.075,0.65,1.13,2.8255,0.001,0.0005,0.001500000013038516,16.0
F,0.815,0.055,1.13,2.8255,0.001,0.0005,0.001500000013038516,12.0
M,0.075,0.055,1.13,2.8255,0.001,0.0005,0.001500000013038516,16.0
F,0.815,0.055,1.13,2.8255,0.001,0.0005,0.001500000013038516,12.0
F,0.075,0.65,1.13,2.8255,0.001,0.0005,0.001500000013038516,14.0
F,0.075,0.055,1.13,2.8255,0.001,0.0005,0.001500000013038516,10.0
F,0.815,0.055,1.13,2.8255,0.001,0.0005,0.001500000013038516,12.0
I,0.815,0.055,0.0,2.8255,0.001,0.0005,0.001500000013038516,1.0
F,0.815,0.055,1.13,2.8255,0.001,0.0005,0.001500000013038516,12.0
F,0.815,0.055,1.13,2.8255,0.001,0.0005,0.001500000013038516,12.0
F,0.815,0.055,1.13,2.8255,0.001,0.0005,0.001500000013038516,18.0
F,0.815,0.055,1.13,2.8255,0.001,0.0005,0.001500000013038516,12.0
F,0.815,0.055,1.13,2.8255,0.001,0.0005,0.001500000013038516,12.0
F,0.075,0.65,1.13,2.8255,0.001,0.0005,0.001500000013038516,16.0
F,0.075,0.055,1.13,2.8255,0.001,0.0005,0.001500000013038516,10.0
F,0.815,0.055,1.13,2.8255,0.001,0.0005,0.001500000013038516,10.0
F,0.815,0.055,1.13,2.8255,0.001,0.0005,0.001500000013038516,10.0
F,0.815,0.055,1.13,2.8255,0.001,0.0005,0.001500000013038516,5.0
F,0.075,0.65,1.13,2.8255,0.001,0.0005,0.001500000013038516,10.0
F,0.075,0.65,1.13,2.8255,0.001,0.0005,0.001500000013038516,16.0
F,0.815,0.055,0.0,2.8255,0.001,0.0005,1.0049999952316284,12.0
F,0.815,0.055,1.13,2.8255,0.001,0.0005,0.001500000013038516,12.0
F,0.815,0.055,1.13,2.8255,0.001,0.0005,0.001500000013038516,12.0
F,0.075,0.65,1.13,2.8255,0.001,0.0005,0.001500000013038516,16.0
F,0.075,0.055,1.13,2.8255,0.001,0.0005,0.001500000013038516,10.0
F,0.815,0.055,1.13,2.8255,0.001,0.0005,0.001500000013038516,12.0
F,0.815,0.055,1.13,2.8255,0.001,0.0005,0.001500000013038516,12.0
M,0.075,0.65,0.0,2.8255,0.001,0.0005,0.001500000013038516,16.0
F,0.815,0.055,1.13,2.8255,0.001,0.0005,0.001500000013038516,12.0
I,0.815,0.055,0.0,2.8255,0.001,0.0005,0.001500000013038516,14.0
F,0.815,0.055,1.13,2.8255,0.001,0.0005,0.001500000013038516,18.0
F,0.815,0.055,1.13,2.8255,0.001,0.0005,0.001500000013038516,12.0
F,0.075,0.65,1.13,2.8255,0.001,0.0005,0.001500000013038516,10.0
F,0.075,0.65,1.13,2.8255,0.001,0.0005,0.001500000013038516,10.0
F,0.075,0.65,1.13,2.8255,0.001,0.0005,0.001500000013038516,10.0
F,0.075,0.65,1.13,2.8255,0.001,0.0005,0.001500000013038516,16.0
F,0.815,0.055,1.13,2.8255,0.001,0.0005,0.001500000013038516,12.0
F,0.075,0.65,1.13,2.8255,0.001,0.0005,0.001500000013038516,10.0
F,0.815,0.055,1.13,2.8255,0.001,0.0005,0.001500000013038516,12.0
F,0.815,0.055,1.13,2.8255,0.001,0.0005,0.001500000013038516,12.0
F,0.075,0.65,1.13,2.8255,0.001,0.0005,0.001500000013038516,10.0
F,0.815,0.055,1.13,2.8255,0.001,0.0005,0.001500000013038516,12.0
M,0.075,0.055,1.13,2.8255,0.001,0.0005,0.001500000013038516,18.0
F,0.075,0.65,1.13,2.8255,0.001,0.0005,0.001500000013038516,16.0
F,0.075,0.65,1.13,2.8255,0.001,0.0005,0.001500000013038516,10.0
F,0.075,0.65,1.13,2.8255,0.001,0.0005,0.001500000013038516,10.0
F,0.075,0.65,1.13,2.8255,0.001,0.0005,0.001500000013038516,10.0
F,0.075,0.65,1.13,2.8255,0.001,0.0005,0.001500000013038516,5.0
F,0.815,0.055,1.13,2.8255,0.001,0.0005,0.001500000013038516,18.0
I,0.815,0.055,0.0,2.8255,0.001,0.0005,1.0049999952316284,14.0
F,0.075,0.055,1.13,2.8255,0.001,0.0005,0.001500000013038516,10.0
F,0.075,0.055,1.13,2.8255,0.001,0.0005,1.0049999952316284,6.0
F,0.075,0.65,1.13,2.8255,0.001,0.0005,0.001500000013038516,16.0
F,0.815,0.055,1.13,2.8255,0.001,0.0005,1.0049999952316284,6.0
F,0.815,0.055,1.13,2.8255,0.001,0.0005,0.001500000013038516,10.0
F,0.815,0.055,1.13,2.8255,0.001,0.0005,0.001500000013038516,12.0
F,0.815,0.055,1.13,2.8255,0.001,0.0005,1.0049999952316284,6.0
F,0.075,0.65,1.094208,2.8255,0.001,0.0005,1.0049999952316284,4.0
F,0.815,0.055,1.13,2.8255,0.001,0.0005,0.001500000013038516,12.0
F,0.075,0.055,1.13,2.8255,0.001,0.0005,0.001500000013038516,14.0
F,0.815,0.055,0.0,2.8255,0.001,0.0005,0.001500000013038516,12.0
F,0.075,0.055,1.13,2.8255,0.001,0.0005,1.0049999952316284,6.0
I,0.815,0.055,0.0,2.8255,0.001,0.0005,0.001500000013038516,14.0
F,0.075,0.65,1.13,2.8255,0.001,0.0005,0.001500000013038516,5.0
F,0.075,0.65,1.13,2.8255,0.001,0.0005,0.001500000013038516,10.0
F,0.075,0.055,1.13,2.8255,0.001,0.0005,0.001500000013038516,10.0
F,0.075,0.65,1.13,2.8255,0.001,0.0005,1.0049999952316284,6.0
F,0.075,0.055,1.13,2.8255,0.001,0.0005,0.001500000013038516,10.0
F,0.075,0.65,1.13,2.8255,0.001,0.0005,0.001500000013038516,14.0
F,0.815,0.055,1.13,2.8255,0.001,0.0005,0.001500000013038516,12.0
F,0.075,0.055,1.13,2.8255,0.001,0.0005,0.001500000013038516,12.0
F,0.815,0.055,1.13,2.8255,0.001,0.0005,0.001500000013038516,14.0
F,0.075,0.65,1.13,2.8255,0.001,0.0005,1.0049999952316284,15.0
F,0.075,0.65,1.13,2.8255,0.001,0.0005,0.001500000013038516,10.0
F,0.815,0.055,1.13,2.8255,0.001,0.0005,0.001500000013038516,12.0
F,0.815,0.055,1.13,2.8255,0.001,0.0005,0.001500000013038516,12.0
F,0.075,0.65,1.13,2.8255,0.001,0.0005,0.001500000013038516,5.0
M,0.075,0.055,1.13,2.8255,0.001,0.0005,0.001500000013038516,16.0
F,0.075,0.055,1.13,2.8255,0.001,0.0005,0.001500000013038516,12.0
F,0.815,0.055,1.13,2.8255,0.001,0.0005,0.001500000013038516,12.0
F,0.075,0.65,1.13,2.8255,0.001,0.0005,1.0049999952316284,10.0
F,0.815,0.055,1.13,2.8255,0.001,0.0005,0.001500000013038516,14.0
F,0.075,0.055,1.13,2.8255,0.001,0.0005,0.001500000013038516,10.0
F,0.075,0.055,1.13,2.8255,0.001,0.0005,0.001500000013038516,10.0
F,0.075,0.055,1.13,2.8255,0.001,0.0005,0.001500000013038516,10.0
F,0.815,0.055,1.13,2.8255,0.001,0.0005,0.004512869752943516,8.0
F,0.075,0.65,1.13,2.8255,0.001,0.0005,0.001500000013038516,16.0
F,0.075,0.65,1.13,2.8255,0.001,0.0005,0.001500000013038516,16.0
F,0.815,0.055,1.13,2.8255,0.001,0.0005,0.001500000013038516,10.0
F,0.075,0.65,1.13,2.8255,0.001,0.0005,0.001500000013038516,14.0
F,0.075,0.055,1.13,2.8255,0.001,0.0005,0.001500000013038516,5.0
M,0.075,0.65,1.13,2.8255,0.001,0.0005,0.001500000013038516,16.0
F,0.075,0.65,1.13,2.8255,0.001,0.0005,0.001500000013038516,10.0
I,0.815,0.055,0.0,2.8255,0.001,0.0005,0.001500000013038516,8.0
F,0.815,0.055,1.13,2.8255,0.001,0.0005,0.001500000013038516,12.0
F,0.075,0.055,1.13,2.8255,0.001,0.0005,0.001500000013038516,10.0
F,0.075,0.65,1.13,2.8255,0.001,0.0005,0.001500000013038516,16.0
F,0.075,0.65,1.13,2.8255,0.001,0.0005,0.001500000013038516,10.0
F,0.075,0.65,1.13,2.8255,0.001,0.0005,0.001500000013038516,10.0
I,0.815,0.055,1.13,2.8255,0.001,0.0005,1.0049999952316284,6.0
F,0.815,0.055,1.13,2.8255,0.001,0.0005,0.001500000013038516,12.0
M,0.075,0.055,1.13,2.8255,0.001,0.0005,0.001500000013038516,18.0
F,0.075,0.65,0.0,2.8255,0.001,0.0005,0.001500000013038516,5.0
F,0.075,0.65,1.13,2.8255,0.001,0.0005,0.001500000013038516,16.0
F,0.815,0.055,1.13,2.8255,0.001,0.0005,0.001500000013038516,12.0
F,0.075,0.055,1.13,2.8255,0.001,0.0005,0.001500000013038516,12.0
F,0.815,0.055,1.13,2.8255,0.001,0.0005,0.001500000013038516,16.0
F,0.815,0.055,1.13,2.8255,0.001,0.0005,0.001500000013038516,5.0
F,0.075,0.65,1.13,2.8255,0.001,0.0005,0.001500000013038516,14.0
F,0.075,0.65,1.13,2.8255,0.001,0.0005,0.001500000013038516,10.0
F,0.075,0.65,1.13,2.8255,0.001,0.0005,0.001500000013038516,5.0
F,0.075,0.055,1.13,2.8255,0.001,0.0005,0.001500000013038516,10.0
F,0.815,0.055,1.13,2.8255,0.001,0.0005,0.001500000013038516,12.0
F,0.815,0.055,1.13,2.8255,0.001,0.0005,0.001500000013038516,12.0
F,0.075,0.055,1.13,2.8255,0.001,0.0005,0.001500000013038516,10.0
F,0.815,0.055,1.13,2.8255,0.001,0.0005,0.001500000013038516,12.0
M,0.075,0.65,1.13,2.8255,0.001,0.0005,0.001500000013038516,16.0
M,0.815,0.055,1.13,2.8255,0.001,0.0005,0.001500000013038516,4.0
F,0.815,0.055,1.13,2.8255,0.001,0.0005,0.001500000013038516,12.0
F,0.075,0.65,1.13,2.8255,0.001,0.0005,1.0049999952316284,10.0
I,0.815,0.055,1.13,2.8255,0.001,0.0005,1.0049999952316284,11.0
F,0.075,0.65,1.13,2.8255,0.001,0.0005,0.001500000013038516,10.0
F,0.075,0.65,1.13,2.8255,0.001,0.0005,0.001500000013038516,5.0
M,0.075,0.65,0.0,2.8255,0.001,0.0005,0.001500000013038516,4.0
F,0.075,0.65,1.13,2.8255,0.001,0.0005,0.001500000013038516,10.0
F,0.075,0.055,1.13,2.8255,0.001,0.0005,1.0049999952316284,10.0
F,0.815,0.055,1.13,2.8255,0.001,0.0005,0.001500000013038516,14.0
F,0.815,0.055,1.13,2.8255,0.001,0.0005,0.001500000013038516,12.0
F,0.075,0.055,1.13,2.8255,0.001,0.0005,0.001500000013038516,10.0
F,0.075,0.055,1.13,2.8255,0.001,0.0005,0.001500000013038516,14.0
F,0.075,0.65,1.13,2.8255,0.001,0.0005,0.001500000013038516,6.0
F,0.815,0.055,1.13,2.8255,0.001,0.0005,0.001500000013038516,12.0
F,0.815,0.055,1.13,2.8255,0.001,0.0005,0.001500000013038516,10.0
F,0.815,0.055,1.13,2.8255,0.001,0.0005,0.001500000013038516,12.0
F,0.075,0.65,1.13,2.8255,0.001,0.0005,0.001500000013038516,5.0
F,0.815,0.055,1.13,2.8255,0.001,0.0005,0.001500000013038516,10.0
F,0.075,0.65,1.13,2.8255,0.001,0.0005,0.001500000013038516,10.0
M,0.075,0.65,0.0,2.8255,0.001,0.0005,0.001500000013038516,5.0
M,0.075,0.65,0.0,2.8255,0.001,0.0005,0.001500000013038516,15.0
F,0.075,0.65,1.13,2.8255,0.001,0.0005,0.001500000013038516,5.0
M,0.075,0.65,0.0,2.8255,0.001,0.0005,0.001500000013038516,4.0
F,0.815,0.055,1.13,2.8255,0.001,0.0005,0.001500000013038516,12.0
F,0.075,0.65,1.13,2.8255,0.001,0.0005,0.001500000013038516,10.0
F,0.075,0.65,1.13,2.8255,0.001,0.0005,0.001500000013038516,14.0
I,0.815,0.055,0.0,2.8255,0.001,0.0005,0.001500000013038516,14.0
F,0.075,0.65,1.13,2.8255,0.001,0.0005,0.001500000013038516,17.0
M,0.815,0.055,1.13,2.8255,0.001,0.0005,0.001500000013038516,18.0
F,0.815,0.055,1.13,2.8255,0.001,0.0005,0.001500000013038516,12.0
F,0.815,0.055,1.13,2.8255,0.001,0.0005,0.001500000013038516,12.0
M,0.075,0.65,1.13,2.8255,0.001,0.0005,0.001500000013038516,16.0
F,0.075,0.65,1.13,2.8255,0.001,0.0005,0.001500000013038516,14.0
M,0.815,0.055,1.13,2.8255,0.001,0.0005,0.001500000013038516,18.0
F,0.075,0.65,1.13,2.8255,0.001,0.0005,0.001500000013038516,5.0
F,0.075,0.055,1.13,2.8255,0.001,0.0005,0.001500000013038516,10.0
F,0.815,0.055,1.13,2.8255,0.001,0.0005,0.001500000013038516,18.0
F,0.075,0.055,1.13,2.8255,0.001,0.0005,0.001500000013038516,14.0
F,0.815,0.055,1.13,2.8255,0.001,0.0005,0.001500000013038516,12.0
M,0.815,0.055,1.13,2.8255,0.001,0.0005,0.001500000013038516,14.0
F,0.815,0.055,1.13,2.8255,0.001,0.0005,0.001500000013038516,12.0
F,0.075,0.65,0.0,2.8255,0.001,0.0005,1.0049999952316284,5.0
F,0.815,0.055,1.13,2.8255,0.001,0.0005,0.001500000013038516,12.0
F,0.075,0.65,1.13,2.8255,0.001,0.0005,0.001500000013038516,16.0
F,0.815,0.055,1.13,2.8255,0.001,0.0005,0.001500000013038516,14.0
I,0.815,0.055,0.0,2.8255,0.001,0.0005,0.001500000013038516,12.0
F,0.815,0.055,1.13,2.8255,0.001,0.0005,0.001500000013038516,12.0
I,0.815,0.055,0.0,2.8255,0.001,0.0005,0.001500000013038516,10.0
I,0.815,0.055,1.13,2.8255,0.001,0.0005,0.001500000013038516,16.0
F,0.075,0.65,1.13,2.8255,0.001,0.0005,0.001500000013038516,16.0
F,0.815,0.055,1.13,2.8255,0.001,0.0005,1.0049999952316284,6.0
I,0.815,0.055,0.771098,2.8255,0.001,0.0005,0.001500000013038516,18.0
F,0.815,0.055,1.13,2.8255,0.001,0.0005,0.001500000013038516,12.0
F,0.075,0.65,1.13,2.8255,0.001,0.0005,0.001500000013038516,16.0
I,0.075,0.65,0.0,2.8255,0.001,0.0005,1.0049999952316284,10.0
F,0.815,0.055,1.13,2.8255,0.001,0.0005,0.001500000013038516,10.0
F,0.815,0.055,1.13,2.8255,0.001,0.0005,0.001500000013038516,12.0
I,0.815,0.055,0.0,2.8255,0.001,0.0005,0.001500000013038516,13.0
M,0.075,0.65,1.13,2.8255,0.001,0.0005,0.001500000013038516,16.0
F,0.075,0.65,1.13,2.8255,0.001,0.0005,0.001500000013038516,10.0
F,0.075,0.65,1.13,2.8255,0.001,0.0005,0.001500000013038516,17.0
F,0.815,0.055,1.13,2.8255,0.001,0.0005,0.001500000013038516,12.0
M,0.815,0.055,1.13,2.8255,0.001,0.0005,0.001500000013038516,14.0
F,0.815,0.055,1.13,2.8255,0.001,0.0005,0.001500000013038516,12.0
F,0.075,0.65,1.13,2.8255,0.001,0.0005,0.001500000013038516,10.0
F,0.075,0.055,1.13,2.8255,0.001,0.0005,0.001500000013038516,10.0
M,0.815,0.055,0.0,2.8255,0.001,0.0005,0.001500000013038516,14.0
F,0.075,0.65,1.13,2.8255,0.001,0.0005,0.001500000013038516,10.0
F,0.075,0.65,1.13,2.8255,0.001,0.0005,1.0049999952316284,18.0
F,0.075,0.65,1.13,2.8255,0.001,0.0005,0.001500000013038516,16.0
F,0.815,0.055,1.13,2.8255,0.001,0.0005,0.001500000013038516,12.0
F,0.815,0.055,1.13,2.8255,0.001,0.0005,0.001500000013038516,10.0
F,0.075,0.65,1.13,2.8255,0.001,0.0005,0.001500000013038516,12.0
F,0.815,0.055,1.13,2.8255,0.001,0.0005,0.001500000013038516,18.0
F,0.075,0.65,1.13,2.8255,0.001,0.0005,0.001500000013038516,10.0
F,0.075,0.65,1.13,2.8255,0.001,0.0005,0.001500000013038516,16.0
M,0.815,0.055,1.13,2.8255,0.001,0.0005,0.001500000013038516,18.0
F,0.075,0.055,1.13,2.8255,0.001,0.0005,0.001500000013038516,10.0
F,0.075,0.65,1.13,2.8255,0.001,0.0005,0.001500000013038516,14.0
M,0.075,0.65,1.13,2.8255,0.001,0.0005,0.001500000013038516,16.0
F,0.075,0.65,1.13,2.8255,0.001,0.0005,0.001500000013038516,16.0
F,0.075,0.65,1.13,2.8255,0.001,0.0005,1.0049999952316284,6.0
F,0.075,0.65,1.13,2.8255,0.001,0.0005,0.001500000013038516,10.0
F,0.815,0.055,1.13,2.8255,0.001,0.0005,0.001500000013038516,10.0
M,0.075,0.055,1.13,2.8255,0.001,0.0005,0.001500000013038516,14.0
M,0.815,0.055,1.13,2.8255,0.001,0.0005,0.001500000013038516,18.0
F,0.075,0.65,1.13,2.8255,0.001,0.0005,0.001500000013038516,10.0
F,0.075,0.055,1.13,2.8255,0.001,0.0005,0.001500000013038516,16.0
F,0.815,0.055,1.13,2.8255,0.001,0.0005,0.001500000013038516,12.0
F,0.075,0.65,1.13,2.8255,0.001,0.0005,0.001500000013038516,16.0
F,0.075,0.65,1.13,2.8255,0.001,0.0005,0.001500000013038516,5.0
F,0.075,0.65,1.13,2.8255,0.001,0.0005,1.0049999952316284,10.0
F,0.075,0.65,1.13,2.8255,0.001,0.0005,0.001500000013038516,10.0
F,0.815,0.055,1.13,2.8255,0.001,0.0005,0.001500000013038516,4.0
F,0.815,0.055,1.13,2.8255,0.001,0.0005,0.001500000013038516,12.0
F,0.075,0.65,1.13,2.8255,0.001,0.0005,0.001500000013038516,5.0
F,0.075,0.65,1.13,2.8255,0.001,0.0005,0.001500000013038516,16.0
F,0.075,0.055,1.13,2.8255,0.001,0.0005,0.001500000013038516,10.0
F,0.075,0.65,1.13,2.8255,0.001,0.0005,0.001500000013038516,10.0
F,0.815,0.055,1.13,2.8255,0.001,0.0005,0.001500000013038516,16.0
F,0.815,0.055,1.13,2.8255,0.001,0.0005,0.001500000013038516,12.0
F,0.075,0.055,1.13,2.8255,0.001,0.0005,0.001500000013038516,16.0
F,0.075,0.055,1.13,2.8255,0.001,0.0005,0.001500000013038516,12.0
F,0.815,0.055,1.13,2.8255,0.001,0.0005,0.001500000013038516,12.0
F,0.075,0.65,1.13,2.8255,0.001,0.0005,0.001500000013038516,16.0
F,0.815,0.055,1.13,2.8255,0.001,0.0005,0.001500000013038516,12.0
F,0.075,0.65,1.13,2.8255,0.001,0.0005,0.001500000013038516,14.0
F,0.075,0.65,0.0,2.8255,0.001,0.0005,1.0049999952316284,6.0
I,0.815,0.055,0.0,2.8255,0.001,0.0005,1.0049999952316284,9.0
F,0.075,0.65,1.13,2.8255,0.001,0.0005,0.001500000013038516,10.0
F,0.075,0.65,1.13,2.8255,0.001,0.0005,0.001500000013038516,16.0
M,0.075,0.65,1.13,2.8255,0.001,0.0005,0.001500000013038516,16.0
F,0.815,0.055,1.13,2.8255,0.001,0.0005,0.001500000013038516,10.0
I,0.815,0.055,0.0,2.8255,0.001,0.0005,0.001500000013038516,14.0
F,0.815,0.055,1.13,2.8255,0.001,0.0005,0.001500000013038516,12.0
F,0.815,0.055,1.13,2.8255,0.001,0.0005,1.0049999952316284,6.0
I,0.815,0.055,1.13,2.8255,0.001,0.0005,0.001500000013038516,1.0
M,0.075,0.055,1.13,2.8255,0.001,0.0005,0.001500000013038516,14.0
F,0.075,0.055,1.13,2.8255,0.001,0.0005,0.001500000013038516,10.0
F,0.075,0.65,1.13,2.8255,0.001,0.0005,0.001500000013038516,14.0
F,0.815,0.055,1.13,2.8255,0.001,0.0005,0.001500000013038516,4.0
F,0.815,0.055,1.13,2.8255,0.001,0.0005,0.001500000013038516,12.0
F,0.075,0.65,1.13,2.8255,0.001,0.0005,0.001500000013038516,10.0
F,0.815,0.055,1.13,2.8255,0.001,0.0005,0.001500000013038516,12.0
F,0.075,0.65,1.13,2.8255,0.001,0.0005,0.001500000013038516,16.0
F,0.815,0.055,1.13,2.8255,0.001,0.0005,0.001500000013038516,14.0
I,0.815,0.055,0.0,2.8255,0.001,0.0005,1.0049999952316284,9.0
F,0.815,0.055,1.13,2.8255,0.001,0.0005,0.001500000013038516,14.0
F,0.815,0.055,1.13,2.8255,0.001,0.0005,0.001500000013038516,12.0
F,0.075,0.65,1.13,2.8255,0.001,0.0005,0.001500000013038516,10.0
F,0.075,0.65,1.13,2.8255,0.001,0.0005,0.001500000013038516,10.0
F,0.075,0.65,1.13,2.8255,0.001,0.0005,0.001500000013038516,16.0
F,0.075,0.65,1.13,2.8255,0.001,0.0005,0.001500000013038516,5.0
I,0.815,0.055,1.13,2.8255,0.001,0.0005,0.001500000013038516,18.0
F,0.815,0.055,1.13,2.8255,0.001,0.0005,0.001500000013038516,12.0
F,0.075,0.65,1.13,2.8255,0.001,0.0005,0.001500000013038516,10.0
F,0.075,0.65,1.13,2.8255,0.001,0.0005,0.001500000013038516,10.0
F,0.815,0.055,1.13,2.8255,0.001,0.0005,0.001500000013038516,12.0
F,0.075,0.65,1.13,2.8255,0.001,0.0005,0.001500000013038516,18.0
F,0.075,0.65,1.13,2.8255,0.001,0.0005,0.001500000013038516,10.0
M,0.075,0.65,1.13,2.8255,0.001,0.0005,0.001500000013038516,16.0
F,0.815,0.055,1.13,2.8255,0.001,0.0005,0.001500000013038516,12.0
F,0.075,0.055,1.13,2.8255,0.001,0.0005,0.001500000013038516,16.0
F,0.075,0.055,1.13,2.8255,0.001,0.0005,0.001500000013038516,14.0
F,0.815,0.055,1.13,2.8255,0.001,0.0005,0.001500000013038516,10.0
F,0.815,0.055,1.13,2.8255,0.001,0.0005,0.001500000013038516,12.0
F,0.815,0.055,1.13,2.8255,0.001,0.0005,0.001500000013038516,12.0
M,0.075,0.65,0.0,2.8255,0.001,0.0005,0.001500000013038516,16.0
F,0.075,0.055,1.13,2.8255,0.001,0.0005,0.001500000013038516,10.0
I,0.815,0.055,1.13,2.8255,0.001,0.0005,1.0049999952316284,9.0
F,0.075,0.055,1.13,2.8255,0.001,0.0005,0.001500000013038516,12.0
M,0.075,0.65,0.0,2.8255,0.001,0.0005,0.001500000013038516,16.0
F,0.075,0.055,1.13,2.8255,0.001,0.0005,0.001500000013038516,5.0
F,0.075,0.65,1.13,2.8255,0.001,0.0005,0.001500000013038516,16.0
F,0.075,0.65,1.13,2.8255,0.001,0.0005,0.001500000013038516,16.0
F,0.075,0.65,1.13,2.8255,0.001,0.0005,0.001500000013038516,10.0
M,0.075,0.055,1.13,2.8255,0.001,0.0005,0.001500000013038516,16.0
F,0.075,0.65,1.13,2.8255,0.001,0.0005,0.001500000013038516,14.0
F,0.075,0.65,1.13,2.8255,0.001,0.0005,1.0049999952316284,10.0
M,0.815,0.055,1.13,2.8255,0.001,0.0005,0.001500000013038516,18.0
F,0.815,0.055,1.13,2.8255,0.001,0.0005,0.001500000013038516,10.0
F,0.075,0.65,1.13,2.8255,0.001,0.0005,0.001500000013038516,16.0
F,0.815,0.055,1.13,2.8255,0.001,0.0005,0.001500000013038516,10.0
F,0.075,0.65,1.13,2.8255,0.001,0.0005,0.001500000013038516,10.0
M,0.815,0.055,1.13,2.8255,0.001,0.0005,0.001500000013038516,4.0
I,0.815,0.055,1.13,2.8255,0.001,0.0005,0.001500000013038516,9.0
F,0.815,0.055,1.13,2.8255,0.001,0.0005,0.001500000013038516,12.0
F,0.075,0.65,1.13,2.8255,0.001,0.0005,0.001500000013038516,16.0
M,0.815,0.055,1.13,2.8255,0.001,0.0005,0.001500000013038516,18.0
I,0.815,0.055,0.0,2.8255,0.001,0.0005,0.001500000013038516,14.0
F,0.815,0.055,1.13,2.8255,0.001,0.0005,0.001500000013038516,12.0
M,0.075,0.65,1.13,2.8255,0.001,0.0005,0.001500000013038516,16.0
F,0.075,0.65,1.13,2.8255,0.001,0.0005,0.001500000013038516,14.0
F,0.075,0.65,1.13,2.8255,0.001,0.0005,0.001500000013038516,14.0
F,0.815,0.055,1.13,2.8255,0.001,0.0005,0.001500000013038516,12.0
F,0.075,0.055,1.13,2.8255,0.001,0.0005,0.001500000013038516,14.0
I,0.815,0.055,0.0,2.8255,0.001,0.0005,0.001500000013038516,12.0
F,0.075,0.055,1.13,2.8255,0.001,0.0005,0.001500000013038516,10.0
F,0.075,0.65,0.0325176,2.8255,0.001,0.0005,0.001500000013038516,5.0
F,0.075,0.65,1.13,2.8255,0.001,0.0005,0.001500000013038516,10.0
M,0.075,0.65,1.13,2.8255,0.001,0.0005,0.001500000013038516,18.0
F,0.815,0.055,1.13,2.8255,0.001,0.0005,0.001500000013038516,10.0
M,0.075,0.65,1.13,2.8255,0.001,0.0005,0.001500000013038516,16.0
F,0.815,0.055,1.13,2.8255,0.001,0.0005,0.001500000013038516,12.0
I,0.815,0.055,0.0,2.8255,0.001,0.0005,0.001500000013038516,29.0
F,0.815,0.055,1.13,2.8255,0.001,0.0005,0.001500000013038516,12.0
F,0.075,0.65,1.13,2.8255,0.001,0.0005,0.001500000013038516,16.0
F,0.075,0.65,1.13,2.8255,0.001,0.0005,0.001500000013038516,16.0
I,0.815,0.055,0.0,2.8255,0.001,0.0005,0.001500000013038516,1.0
F,0.815,0.055,1.13,2.8255,0.001,0.0005,0.001500000013038516,12.0
F,0.075,0.055,1.13,2.8255,0.001,0.0005,0.001500000013038516,12.0
F,0.815,0.055,1.13,2.8255,0.001,0.0005,0.001500000013038516,12.0
F,0.075,0.055,1.13,2.8255,0.001,0.0005,0.001500000013038516,10.0
M,0.075,0.65,0.0,2.8255,0.001,0.0005,1.0049999952316284,15.0
F,0.075,0.65,1.13,2.8255,0.001,0.0005,0.001500000013038516,16.0
I,0.815,0.055,0.0,2.8255,0.001,0.0005,0.001500000013038516,17.0
M,0.075,0.65,1.13,2.8255,0.001,0.0005,0.001500000013038516,16.0
F,0.075,0.65,1.13,2.8255,0.001,0.0005,0.001500000013038516,10.0
F,0.075,0.65,1.13,2.8255,0.001,0.0005,0.001500000013038516,16.0
F,0.815,0.055,1.13,2.8255,0.001,0.0005,0.001500000013038516,12.0
F,0.815,0.055,1.13,2.8255,0.001,0.0005,0.001500000013038516,10.0
F,0.075,0.055,1.13,2.8255,0.001,0.0005,1.0049999952316284,6.0
F,0.075,0.055,1.13,2.8255,0.001,0.0005,0.001500000013038516,10.0
M,0.815,0.055,1.13,2.8255,0.001,0.0005,0.001500000013038516,14.0
M,0.075,0.65,1.13,2.8255,0.001,0.0005,0.001500000013038516,16.0
F,0.075,0.65,1.13,2.8255,0.001,0.0005,0.001500000013038516,17.0
F,0.815,0.055,1.13,2.8255,0.001,0.0005,0.001500000013038516,10.0
F,0.075,0.055,1.13,2.8255,0.001,0.0005,0.001500000013038516,10.0
F,0.075,0.055,1.13,2.8255,0.001,0.0005,0.001500000013038516,10.0
F,0.075,0.055,1.13,2.8255,0.001,0.0005,0.001500000013038516,14.0
M,0.075,0.65,1.13,2.8255,0.001,0.0005,0.001500000013038516,16.0
F,0.815,0.055,1.13,2.8255,0.001,0.0005,0.001500000013038516,12.0
F,0.075,0.65,1.13,2.8255,0.001,0.0005,0.001500000013038516,10.0
F,0.075,0.055,1.13,2.8255,0.001,0.0005,0.001500000013038516,10.0
F,0.815,0.055,1.13,2.8255,0.001,0.0005,0.001500000013038516,12.0
F,0.815,0.055,1.13,2.8255,0.001,0.0005,0.001500000013038516,10.0
F,0.075,0.65,1.13,2.8255,0.001,0.0005,0.001500000013038516,10.0
F,0.075,0.65,1.13,2.8255,0.001,0.0005,0.001500000013038516,10.0
M,0.075,0.055,1.13,2.8255,0.001,0.0005,0.001500000013038516,16.0
F,0.815,0.055,1.13,2.8255,0.001,0.0005,0.001500000013038516,12.0
F,0.075,0.65,1.13,2.8255,0.001,0.0005,0.001500000013038516,10.0
F,0.815,0.055,1.13,2.8255,0.001,0.0005,1.0049999952316284,12.0
F,0.075,0.65,1.13,2.8255,0.001,0.0005,0.001500000013038516,16.0
F,0.075,0.65,1.13,2.8255,0.001,0.0005,0.001500000013038516,10.0
F,0.815,0.055,1.13,2.8255,0.001,0.0005,0.001500000013038516,10.0
F,0.075,0.65,1.13,2.8255,0.001,0.0005,0.001500000013038516,7.0
F,0.815,0.055,1.13,2.8255,0.001,0.0005,0.001500000013038516,12.0
F,0.075,0.65,1.13,2.8255,0.001,0.0005,0.001500000013038516,16.0
F,0.815,0.055,1.13,2.8255,0.001,0.0005,0.001500000013038516,12.0
F,0.815,0.055,1.13,2.8255,0.001,0.0005,0.001500000013038516,14.0
M,0.075,0.65,1.13,2.8255,0.001,0.0005,0.001500000013038516,16.0
M,0.075,0.65,0.0,2.8255,0.001,0.0005,0.001500000013038516,15.0
F,0.075,0.65,1.13,2.8255,0.001,0.0005,0.001500000013038516,10.0
F,0.815,0.055,1.13,2.8255,0.001,0.0005,0.001500000013038516,18.0
F,0.075,0.65,1.13,2.8255,0.001,0.0005,0.001500000013038516,14.0
F,0.075,0.65,1.13,2.8255,0.001,0.0005,0.001500000013038516,10.0
F,0.815,0.055,1.13,2.8255,0.001,0.0005,0.001500000013038516,12.0
F,0.815,0.055,1.13,2.8255,0.001,0.0005,0.001500000013038516,12.0
F,0.075,0.65,1.13,2.8255,0.001,0.0005,0.001500000013038516,7.0
M,0.075,0.65,1.13,2.8255,0.001,0.0005,0.001500000013038516,16.0
F,0.075,0.055,1.13,2.8255,0.001,0.0005,0.001500000013038516,12.0
F,0.815,0.055,1.13,2.8255,0.001,0.0005,0.001500000013038516,12.0
F,0.815,0.055,1.13,2.8255,0.001,0.0005,0.001500000013038516,12.0
F,0.075,0.65,0.0,2.8255,0.001,0.0005,0.001500000013038516,5.0
F,0.075,0.65,1.13,2.8255,0.001,0.0005,0.001500000013038516,16.0
F,0.075,0.65,1.13,2.8255,0.001,0.0005,0.001500000013038516,5.0
F,0.075,0.65,1.13,2.8255,0.001,0.0005,0.001500000013038516,10.0
I,0.815,0.055,1.13,2.8255,0.001,0.0005,0.001500000013038516,18.0
F,0.815,0.055,1.13,2.8255,0.001,0.0005,0.001500000013038516,10.0
M,0.075,0.65,1.13,2.8255,0.001,0.0005,0.001500000013038516,16.0
F,0.075,0.65,1.13,2.8255,0.001,0.0005,0.001500000013038516,14.0
M,0.815,0.055,0.0,2.8255,0.001,0.0005,0.001500000013038516,16.0
F,0.075,0.65,1.13,2.8255,0.001,0.0005,0.001500000013038516,10.0
F,0.815,0.055,1.13,2.8255,0.001,0.0005,1.0049999952316284,7.0
F,0.815,0.055,1.13,2.8255,0.001,0.0005,0.001500000013038516,14.0
F,0.815,0.055,1.13,2.8255,0.001,0.0005,0.001500000013038516,10.0
M,0.075,0.65,1.13,2.8255,0.001,0.0005,0.001500000013038516,16.0
F,0.075,0.65,1.13,2.8255,0.001,0.0005,0.001500000013038516,17.0
F,0.075,0.65,1.13,2.8255,0.001,0.0005,1.0049999952316284,5.0
F,0.075,0.055,1.13,2.8255,0.001,0.0005,1.0049999952316284,10.0
F,0.075,0.65,1.13,2.8255,0.001,0.0005,0.001500000013038516,10.0
F,0.075,0.65,1.13,2.8255,0.001,0.0005,0.001500000013038516,16.0
F,0.815,0.055,1.13,2.8255,0.001,0.0005,0.001500000013038516,12.0
M,0.075,0.65,1.13,2.8255,0.001,0.0005,0.001500000013038516,16.0
F,0.815,0.055,1.13,2.8255,0.001,0.0005,0.001500000013038516,12.0
M,0.815,0.055,1.13,2.8255,0.001,0.0005,0.001500000013038516,18.0
F,0.815,0.055,1.13,2.8255,0.001,0.0005,0.001500000013038516,12.0
F,0.815,0.055,1.13,2.8255,0.001,0.0005,0.001500000013038516,10.0
F,0.815,0.055,1.13,2.8255,0.001,0.0005,0.001500000013038516,12.0
F,0.815,0.055,1.13,2.8255,0.001,0.0005,1.0049999952316284,9.0
F,0.075,0.65,1.13,2.8255,0.001,0.0005,0.001500000013038516,16.0
F,0.815,0.055,1.13,2.8255,0.001,0.0005,0.001500000013038516,10.0
F,0.075,0.65,1.13,2.8255,0.001,0.0005,0.001500000013038516,16.0
F,0.075,0.055,1.13,2.8255,0.001,0.0005,0.001500000013038516,16.0
F,0.075,0.65,1.13,2.8255,0.001,0.0005,1.0049999952316284,10.0
F,0.815,0.055,1.13,2.8255,0.001,0.0005,0.001500000013038516,12.0
F,0.075,0.055,1.13,2.8255,0.001,0.0005,0.001500000013038516,10.0
F,0.075,0.055,1.13,2.8255,0.001,0.0005,0.001500000013038516,12.0
M,0.075,0.65,1.13,2.8255,0.001,0.0005,0.001500000013038516,16.0
F,0.075,0.055,1.13,2.8255,0.001,0.0005,0.001500000013038516,10.0
F,0.815,0.055,1.13,2.8255,0.001,0.0005,0.001500000013038516,12.0
F,0.815,0.055,1.13,2.8255,0.001,0.0005,0.001500000013038516,10.0
F,0.075,0.65,1.13,2.8255,0.001,0.0005,0.001500000013038516,10.0
F,0.815,0.055,0.0,2.8255,0.001,0.0005,0.001500000013038516,12.0
F,0.075,0.65,1.13,2.8255,0.001,0.0005,0.001500000013038516,5.0
F,0.075,0.65,1.13,2.8255,0.001,0.0005,1.0049999952316284,10.0
F,0.075,0.055,1.13,2.8255,0.001,0.0005,0.001500000013038516,12.0
F,0.815,0.055,1.13,2.8255,0.001,0.0005,0.001500000013038516,12.0
F,0.075,0.65,1.13,2.8255,0.001,0.0005,0.001500000013038516,10.0
I,0.815,0.055,1.13,2.8255,0.001,0.0005,1.0049999952316284,11.0
F,0.815,0.055,1.13,2.8255,0.001,0.0005,0.001500000013038516,12.0
F,0.815,0.055,1.13,2.8255,0.001,0.0005,0.001500000013038516,12.0
F,0.075,0.65,1.13,2.8255,0.001,0.0005,0.001500000013038516,10.0
F,0.075,0.65,0.0,2.8255,0.001,0.0005,0.001500000013038516,18.0
F,0.075,0.055,1.13,2.8255,0.001,0.0005,0.001500000013038516,10.0
F,0.815,0.055,1.13,2.8255,0.001,0.0005,0.001500000013038516,10.0
M,0.075,0.055,1.13,2.8255,0.001,0.0005,0.001500000013038516,14.0
F,0.075,0.65,1.13,2.8255,0.001,0.0005,0.001500000013038516,14.0
F,0.815,0.055,1.13,2.8255,0.001,0.0005,0.001500000013038516,12.0
F,0.075,0.65,1.13,2.8255,0.001,0.0005,0.001500000013038516,10.0
F,0.075,0.055,1.13,2.8255,0.001,0.0005,0.001500000013038516,12.0
M,0.075,0.65,0.0,2.8255,0.001,0.0005,1.0049999952316284,18.0
M,0.815,0.055,1.13,2.8255,0.001,0.0005,0.001500000013038516,18.0
M,0.075,0.65,0.0,2.8255,0.001,0.0005,0.001500000013038516,16.0
F,0.815,0.055,1.13,2.8255,0.001,0.0005,0.001500000013038516,18.0
F,0.815,0.055,1.13,2.8255,0.001,0.0005,0.001500000013038516,12.0
F,0.815,0.055,1.13,2.8255,0.001,0.0005,0.001500000013038516,12.0
M,0.075,0.65,1.13,2.8255,0.001,0.0005,0.001500000013038516,16.0
F,0.815,0.055,1.13,2.8255,0.001,0.0005,0.001500000013038516,18.0
M,0.075,0.65,1.13,0.002,0.001,0.0005,0.001500000013038516,16.0
F,0.815,0.055,1.13,2.8255,0.001,0.0005,1.0049999952316284,12.0
F,0.075,0.65,1.13,2.8255,0.001,0.0005,0.001500000013038516,10.0
F,0.075,0.65,1.13,2.8255,0.001,0.0005,0.001500000013038516,10.0
F,0.075,0.65,1.13,2.8255,0.001,0.0005,0.001500000013038516,10.0
F,0.815,0.055,1.13,2.8255,0.001,0.0005,0.001500000013038516,12.0
F,0.075,0.65,1.13,2.8255,0.001,0.0005,0.001500000013038516,16.0
F,0.075,0.055,1.13,2.8255,0.001,0.0005,0.001500000013038516,14.0
F,0.815,0.055,1.13,2.8255,0.001,0.0005,0.001500000013038516,10.0
F,0.815,0.055,1.13,2.8255,0.001,0.0005,0.001500000013038516,10.0
M,0.815,0.055,1.13,2.8255,0.001,0.0005,0.001500000013038516,18.0
M,0.075,0.65,0.0,2.8255,0.001,0.0005,0.001500000013038516,5.0
F,0.075,0.65,1.13,2.8255,0.001,0.0005,0.001500000013038516,5.0
F,0.815,0.055,1.13,2.8255,0.001,0.0005,0.001500000013038516,12.0
I,0.815,0.055,0.0,2.8255,0.001,0.0005,0.001500000013038516,29.0
F,0.815,0.055,1.13,2.8255,0.001,0.0005,0.001500000013038516,10.0
F,0.075,0.65,1.13,2.8255,0.001,0.0005,0.001500000013038516,5.0
F,0.075,0.055,1.13,2.8255,0.001,0.0005,0.001500000013038516,10.0
F,0.815,0.055,1.13,2.8255,0.001,0.0005,0.001500000013038516,10.0
M,0.815,0.65,0.0,2.8255,0.001,0.0005,0.001500000013038516,16.0
F,0.075,0.65,1.13,2.8255,0.001,0.0005,1.0049999952316284,6.0
F,0.815,0.055,1.13,2.8255,0.001,0.0005,0.001500000013038516,12.0
F,0.075,0.65,1.13,2.8255,0.001,0.0005,0.001500000013038516,5.0
F,0.815,0.055,1.13,2.8255,0.001,0.0005,0.001500000013038516,12.0
F,0.815,0.055,1.13,2.8255,0.001,0.0005,0.001500000013038516,12.0
F,0.075,0.055,1.13,2.8255,0.001,0.0005,0.001500000013038516,10.0
F,0.815,0.055,1.13,2.8255,0.001,0.0005,0.001500000013038516,12.0
F,0.075,0.055,1.13,2.8255,0.001,0.0005,0.001500000013038516,10.0
F,0.815,0.055,1.13,2.8255,0.001,0.0005,0.001500000013038516,18.0
F,0.075,0.65,1.13,2.8255,0.001,0.0005,0.001500000013038516,10.0
F,0.075,0.65,1.13,2.8255,0.001,0.0005,0.001500000013038516,10.0
F,0.815,0.055,1.13,2.8255,0.001,0.0005,0.001500000013038516,12.0
F,0.075,0.65,1.13,2.8255,0.001,0.0005,0.001500000013038516,10.0
F,0.075,0.65,1.13,2.8255,0.001,0.0005,1.0049999952316284,10.0
F,0.815,0.055,1.13,2.8255,0.001,0.0005,0.001500000013038516,12.0
F,0.815,0.055,1.13,2.8255,0.001,0.0005,0.001500000013038516,16.0
F,0.815,0.055,1.13,2.8255,0.001,0.0005,0.001500000013038516,10.0
M,0.075,0.65,0.0,2.8255,0.001,0.0005,0.001500000013038516,5.0
F,0.075,0.65,1.13,2.8255,0.001,0.0005,1.0049999952316284,6.0
I,0.815,0.055,1.13,2.8255,0.001,0.0005,0.001500000013038516,18.0
F,0.075,0.65,1.13,2.8255,0.001,0.0005,1.0049999952316284,10.0
F,0.815,0.055,1.13,2.8255,0.001,0.0005,0.001500000013038516,12.0
F,0.075,0.65,1.13,2.8255,0.001,0.0005,0.001500000013038516,10.0
F,0.815,0.055,1.13,2.8255,0.001,0.0005,0.001500000013038516,12.0
F,0.075,0.65,1.13,2.8255,0.001,0.0005,1.0049999952316284,10.0
F,0.075,0.65,1.13,2.8255,0.001,0.0005,0.001500000013038516,10.0
F,0.075,0.055,1.13,2.8255,0.001,0.0005,0.001500000013038516,12.0
F,0.075,0.65,1.13,2.8255,0.001,0.0005,0.001500000013038516,5.0
M,0.075,0.055,1.13,2.8255,0.001,0.0005,0.001500000013038516,16.0
F,0.815,0.055,1.13,2.8255,0.001,0.0005,0.001500000013038516,18.0
F,0.815,0.055,1.13,2.8255,0.001,0.0005,0.001500000013038516,5.0
F,0.075,0.055,1.13,2.8255,0.001,0.0005,0.001500000013038516,10.0
F,0.815,0.055,1.13,2.8255,0.001,0.0005,0.001500000013038516,18.0
M,0.075580046,0.055,1.13,2.8255,0.001,0.0005,0.001500000013038516,14.0
M,0.075,0.055,1.13,2.8255,0.001,0.0005,0.001500000013038516,16.0
F,0.815,0.055,1.13,2.8255,0.001,0.0005,0.001500000013038516,12.0
F,0.075,0.65,1.13,2.8255,0.001,0.0005,0.001500000013038516,16.0
F,0.815,0.055,1.13,2.8255,0.001,0.0005,0.001500000013038516,10.0
F,0.815,0.055,1.13,2.8255,0.001,0.0005,0.001500000013038516,12.0
I,0.815,0.055,0.0,2.8255,0.001,0.0005,0.001500000013038516,16.0
F,0.815,0.055,1.13,2.8255,0.001,0.0005,0.001500000013038516,10.0
F,0.075,0.65,1.13,2.8255,0.001,0.0005,0.001500000013038516,10.0
F,0.815,0.055,1.13,2.8255,0.001,0.0005,0.001500000013038516,12.0
F,0.075,0.65,1.13,2.8255,0.001,0.0005,0.001500000013038516,16.0
F,0.815,0.055,1.13,2.8255,0.001,0.0005,1.0049999952316284,10.0
F,0.075,0.65,1.13,2.8255,0.001,0.0005,0.001500000013038516,5.0
F,0.075,0.65,1.13,2.8255,0.001,0.0005,0.001500000013038516,14.0
F,0.075,0.055,1.13,2.8255,0.001,0.0005,0.001500000013038516,10.0
F,0.075,0.055,1.13,2.8255,0.001,0.0005,0.001500000013038516,12.0
F,0.815,0.055,1.13,2.8255,0.001,0.0005,0.001500000013038516,1.0
F,0.075,0.055,1.13,2.8255,0.001,0.0005,0.001500000013038516,10.0
M,0.075,0.055,1.13,2.8255,0.001,0.0005,0.001500000013038516,16.0
F,0.815,0.055,1.13,2.8255,0.001,0.0005,0.001500000013038516,12.0
F,0.075,0.055,1.13,2.8255,0.001,0.0005,0.001500000013038516,10.0
F,0.075,0.65,1.13,2.8255,0.001,0.0005,0.001500000013038516,12.0
F,0.075,0.65,1.13,2.8255,0.001,0.0005,0.001500000013038516,17.0
F,0.075,0.65,1.13,2.8255,0.001,0.0005,0.001500000013038516,14.0
F,0.075,0.65,0.0,2.8255,0.001,0.0005,1.0049999952316284,10.0
F,0.815,0.055,1.13,2.8255,0.001,0.0005,0.001500000013038516,12.0
F,0.075,0.65,1.13,2.8255,0.001,0.0005,0.001500000013038516,16.0
F,0.075,0.65,1.13,2.8255,0.001,0.0005,0.001500000013038516,14.0
F,0.075,0.055,1.13,2.8255,0.001,0.0005,0.001500000013038516,10.0
F,0.075,0.65,1.13,2.8255,0.001,0.0005,0.001500000013038516,16.0
F,0.075,0.65,1.13,2.8255,0.001,0.0005,0.001500000013038516,16.0
M,0.075,0.65,0.0,2.8255,0.001,0.0005,0.001500000013038516,16.0
F,0.815,0.055,1.13,2.8255,0.001,0.0005,0.001500000013038516,12.0
M,0.815,0.055,1.13,2.8255,0.001,0.0005,0.001500000013038516,18.0
F,0.075,0.65,0.0,2.8255,0.001,0.0005,1.0049999952316284,18.0
F,0.815,0.055,1.13,2.8255,0.001,0.0005,0.001500000013038516,12.0
F,0.075,0.65,1.13,2.8255,0.001,0.0005,0.001500000013038516,10.0
F,0.075,0.65,1.13,2.8255,0.001,0.0005,0.001500000013038516,17.0
F,0.075,0.055,1.13,2.8255,0.001,0.0005,0.001500000013038516,16.0
F,0.075,0.65,1.13,2.8255,0.001,0.0005,0.001500000013038516,10.0
F,0.815,0.055,1.13,2.8255,0.001,0.0005,0.001500000013038516,12.0
F,0.815,0.055,1.13,2.8255,0.001,0.0005,0.001500000013038516,18.0
F,0.075,0.055,1.13,2.8255,0.001,0.0005,1.0049999952316284,6.0
F,0.815,0.055,1.13,2.8255,0.001,0.0005,0.001500000013038516,5.0
M,0.075,0.65,1.13,2.8255,0.001,0.0005,0.001500000013038516,16.0
F,0.075,0.65,1.13,2.8255,0.001,0.0005,0.001500000013038516,5.0
F,0.815,0.055,1.13,2.8255,0.001,0.0005,0.001500000013038516,12.0
I,0.815,0.055,0.0,2.8255,0.001,0.0005,0.001500000013038516,12.0
F,0.075,0.65,1.13,2.8255,0.001,0.0005,0.001500000013038516,16.0
F,0.815,0.055,1.13,2.8255,0.001,0.0005,0.001500000013038516,10.0
F,0.075,0.65,0.0,2.8255,0.001,0.0005,0.001500000013038516,5.0
F,0.815,0.055,1.13,2.8255,0.001,0.0005,0.001500000013038516,12.0
F,0.075,0.65,1.13,2.8255,0.001,0.0005,0.001500000013038516,14.0
F,0.075,0.65,1.13,2.8255,0.001,0.0005,0.001500000013038516,16.0
F,0.815,0.055,1.13,2.8255,0.001,0.0005,0.001500000013038516,12.0
F,0.075,0.055,1.13,2.8255,0.001,0.0005,0.001500000013038516,12.0
F,0.075,0.055,1.13,2.8255,0.001,0.0005,0.001500000013038516,12.0
F,0.075,0.65,1.13,2.8255,0.001,0.0005,0.001500000013038516,16.0
M,0.075,0.65,1.13,2.8255,0.001,0.0005,0.001500000013038516,16.0
F,0.075,0.65,1.13,2.8255,0.001,0.0005,1.0049999952316284,6.0
F,0.815,0.055,1.13,2.8255,0.001,0.0005,0.001500000013038516,12.0
F,0.075,0.65,1.13,2.8255,0.001,0.0005,0.001500000013038516,10.0
F,0.075,0.65,0.0,2.8255,0.001,0.0005,0.001500000013038516,5.0
F,0.075,0.65,1.13,2.8255,0.001,0.0005,1.0049999952316284,6.0
F,0.815,0.055,1.13,2.8255,0.001,0.0005,1.0049999952316284,7.0
F,0.075,0.65,1.13,2.8255,0.001,0.0005,0.001500000013038516,10.0
F,0.815,0.055,1.13,2.8255,0.001,0.0005,0.001500000013038516,12.0
F,0.075,0.65,1.13,2.8255,0.001,0.0005,0.001500000013038516,10.0
M,0.075,0.65,1.13,2.8255,0.001,0.0005,0.001500000013038516,16.0
M,0.815,0.055,1.13,2.8255,0.001,0.0005,0.001500000013038516,14.0
F,0.075,0.65,1.13,2.8255,0.001,0.0005,0.001500000013038516,10.0
F,0.075,0.055,1.13,2.8255,0.001,0.0005,0.001500000013038516,16.0
F,0.075,0.65,1.13,2.8255,0.001,0.0005,0.001500000013038516,10.0
F,0.815,0.055,1.13,2.8255,0.001,0.0005,0.001500000013038516,12.0
F,0.075,0.65,1.13,2.8255,0.001,0.0005,0.001500000013038516,10.0
F,0.815,0.055,1.13,2.8255,0.001,0.0005,0.001500000013038516,10.0
F,0.075,0.65,0.0,2.8255,0.001,0.0005,1.0049999952316284,10.0
F,0.815,0.055,1.13,2.8255,0.001,0.0005,0.001500000013038516,12.0
F,0.075,0.055,1.13,2.8255,0.001,0.0005,0.001500000013038516,14.0
F,0.815,0.055,1.13,2.8255,0.001,0.0005,0.001500000013038516,12.0
F,0.075,0.65,1.13,2.8255,0.001,0.0005,0.001500000013038516,17.0
F,0.075,0.65,0.0,2.8255,0.001,0.0005,0.001500000013038516,5.0
M,0.075,0.65,1.13,2.8255,0.001,0.0005,0.001500000013038516,16.0
M,0.075,0.65,0.0,2.8255,0.001,0.0005,0.001500000013038516,16.0
F,0.075,0.65,1.13,2.8255,0.001,0.0005,0.001500000013038516,10.0
F,0.075,0.65,1.13,2.8255,0.001,0.0005,0.001500000013038516,10.0
F,0.815,0.055,1.13,2.8255,0.001,0.0005,0.001500000013038516,12.0
F,0.815,0.055,1.13,2.8255,0.001,0.0005,0.001500000013038516,12.0
F,0.815,0.055,1.13,2.8255,0.001,0.0005,0.001500000013038516,12.0
M,0.815,0.055,1.13,2.8255,0.001,0.0005,0.001500000013038516,18.0
F,0.075,0.65,1.13,2.8255,0.001,0.0005,0.001500000013038516,10.0
F,0.815,0.055,1.13,2.8255,0.001,0.0005,0.001500000013038516,18.0
F,0.075,0.65,1.13,2.8255,0.001,0.0005,0.001500000013038516,16.0
I,0.815,0.055,0.0,2.8255,0.001,0.0005,1.0049999952316284,9.0
F,0.075,0.65,1.13,2.8255,0.001,0.0005,1.0049999952316284,10.0
F,0.815,0.055,1.13,2.8255,0.001,0.0005,0.001500000013038516,12.0
F,0.075,0.055,1.13,2.8255,0.001,0.0005,0.001500000013038516,12.0
F,0.075,0.055,1.13,2.8255,0.001,0.0005,0.001500000013038516,12.0
F,0.815,0.055,1.13,2.8255,0.001,0.0005,1.0049999952316284,6.0
F,0.815,0.055,1.13,2.8255,0.001,0.0005,0.001500000013038516,18.0
F,0.075,0.055,1.13,2.8255,0.001,0.0005,0.001500000013038516,10.0
F,0.075,0.055,1.13,2.8255,0.001,0.0005,0.001500000013038516,16.0
F,0.075,0.65,1.13,2.8255,0.001,0.0005,0.001500000013038516,5.0
F,0.075,0.055,1.13,2.8255,0.001,0.0005,1.0049999952316284,6.0
M,0.075,0.65,1.13,2.8255,0.001,0.0005,0.001500000013038516,16.0
F,0.075,0.055,1.13,2.8255,0.001,0.0005,0.001500000013038516,10.0
M,0.075,0.65,1.13,2.8255,0.001,0.0005,0.001500000013038516,5.0
F,0.075,0.65,1.13,2.8255,0.001,0.0005,0.001500000013038516,14.0
F,0.075,0.65,1.13,2.8255,0.001,0.0005,0.001500000013038516,5.0
F,0.815,0.055,1.13,2.8255,0.001,0.0005,0.001500000013038516,12.0
F,0.815,0.055,1.13,2.8255,0.001,0.0005,0.001500000013038516,16.0
I,0.815,0.055,0.0,2.8255,0.001,0.0005,0.001500000013038516,1.0
F,0.815,0.055,1.13,2.8255,0.001,0.0005,0.001500000013038516,12.0
F,0.075,0.65,0.0,2.8255,0.001,0.0005,0.001500000013038516,16.0
M,0.075,0.65,1.13,2.8255,0.001,0.0005,0.001500000013038516,16.0
F,0.075,0.65,1.13,2.8255,0.001,0.0005,0.001500000013038516,14.0
F,0.815,0.055,1.13,2.8255,0.001,0.0005,0.001500000013038516,18.0
F,0.075,0.65,1.13,2.8255,0.001,0.0005,0.001500000013038516,10.0
F,0.075,0.055,1.13,2.8255,0.001,0.0005,0.001500000013038516,18.0
F,0.075,0.65,1.13,2.8255,0.001,0.0005,1.0049999952316284,15.0
F,0.815,0.055,1.13,2.8255,0.001,0.0005,0.001500000013038516,12.0
F,0.075,0.055,1.13,2.8255,0.001,0.0005,0.001500000013038516,18.0
F,0.815,0.055,1.13,2.8255,0.001,0.0005,0.001500000013038516,12.0
F,0.815,0.055,1.13,2.8255,0.001,0.0005,0.001500000013038516,12.0
F,0.075,0.055,1.13,2.8255,0.001,0.0005,0.001500000013038516,10.0
F,0.075,0.65,1.13,2.8255,0.001,0.0005,0.001500000013038516,10.0
M,0.075,0.65,1.13,2.8255,0.001,0.0005,0.001500000013038516,16.0
F,0.815,0.055,1.13,2.8255,0.001,0.0005,0.001500000013038516,12.0
F,0.815,0.055,1.13,2.8255,0.001,0.0005,0.001500000013038516,12.0
M,0.815,0.055,1.13,2.8255,0.001,0.0005,0.001500000013038516,14.0
F,0.075,0.65,1.13,2.8255,0.001,0.0005,0.001500000013038516,16.0
M,0.075,0.65,0.0,2.8255,0.001,0.0005,0.001500000013038516,17.0
F,0.815,0.055,1.13,2.8255,0.001,0.0005,0.001500000013038516,18.0
F,0.075,0.65,1.13,2.8255,0.001,0.0005,0.001500000013038516,14.0
F,0.815,0.055,1.13,2.8255,0.001,0.0005,0.001500000013038516,12.0
I,0.815,0.055,0.0,2.8255,0.001,0.0005,0.001500000013038516,1.0
F,0.815,0.055,1.13,2.8255,0.001,0.0005,0.001500000013038516,12.0
F,0.075,0.055,1.13,2.8255,0.001,0.0005,0.001500000013038516,16.0
F,0.075,0.055,1.13,2.8255,0.001,0.0005,0.001500000013038516,10.0
F,0.075,0.055,1.13,2.8255,0.001,0.0005,0.001500000013038516,14.0
F,0.815,0.055,1.13,2.8255,0.001,0.0005,0.001500000013038516,12.0
F,0.075,0.055,1.13,2.8255,0.001,0.0005,0.001500000013038516,14.0
M,0.815,0.055,1.13,2.8255,0.001,0.0005,0.001500000013038516,16.0
F,0.075,0.055,1.13,2.8255,0.001,0.0005,0.001500000013038516,10.0
F,0.815,0.055,1.13,2.8255,0.001,0.0005,0.001500000013038516,12.0
F,0.075,0.65,1.13,2.8255,0.001,0.0005,0.001500000013038516,10.0
F,0.075,0.055,1.13,2.8255,0.001,0.0005,0.001500000013038516,18.0
F,0.815,0.055,1.13,2.8255,0.001,0.0005,0.001500000013038516,12.0
F,0.075,0.055,1.13,2.8255,0.001,0.0005,0.001500000013038516,12.0
F,0.075,0.65,1.13,2.8255,0.001,0.0005,0.001500000013038516,18.0
F,0.815,0.055,1.13,2.8255,0.001,0.0005,0.001500000013038516,12.0
F,0.075,0.055,1.13,2.8255,0.001,0.0005,0.001500000013038516,10.0
F,0.815,0.055,1.13,2.8255,0.001,0.0005,0.001500000013038516,12.0
F,0.075,0.055,1.13,2.8255,0.001,0.0005,0.001500000013038516,10.0
F,0.075,0.65,1.13,2.8255,0.001,0.0005,0.001500000013038516,16.0
F,0.075,0.055,1.13,2.8255,0.001,0.0005,0.001500000013038516,12.0
F,0.075,0.055,1.13,2.8255,0.001,0.0005,0.001500000013038516,10.0
F,0.075,0.65,1.13,2.8255,0.001,0.0005,0.001500000013038516,10.0
F,0.075,0.65,1.13,2.8255,0.001,0.0005,0.001500000013038516,10.0
F,0.815,0.055,1.13,2.8255,0.001,0.0005,0.001500000013038516,12.0
F,0.075,0.65,1.13,2.8255,0.001,0.0005,0.001500000013038516,10.0
F,0.075,0.65,1.13,2.8255,0.001,0.0005,0.001500000013038516,14.0
F,0.075,0.65,1.13,2.8255,0.001,0.0005,1.0049999952316284,6.0
M,0.815,0.055,1.13,2.8255,0.001,0.0005,0.001500000013038516,18.0
F,0.075,0.055,1.13,2.8255,0.001,0.0005,0.001500000013038516,10.0
F,0.075,0.65,1.13,2.8255,0.001,0.0005,0.001500000013038516,14.0
F,0.075,0.65,1.13,2.8255,0.001,0.0005,0.001500000013038516,10.0
F,0.815,0.055,1.13,2.8255,0.001,0.0005,0.001500000013038516,12.0
I,0.815,0.055,0.0,2.8255,0.001,0.0005,0.001500000013038516,12.0
F,0.075,0.65,1.13,2.8255,0.001,0.0005,0.001500000013038516,10.0
M,0.815,0.055,0.0,2.8255,0.001,0.0005,0.001500000013038516,18.0
F,0.075,0.65,1.13,2.8255,0.001,0.0005,0.001500000013038516,10.0
F,0.815,0.055,1.13,2.8255,0.001,0.0005,0.001500000013038516,12.0
M,0.075,0.65,1.13,2.8255,0.001,0.0005,0.001500000013038516,14.0
F,0.815,0.055,1.13,2.8255,0.001,0.0005,0.001500000013038516,12.0
F,0.075,0.055,1.13,2.8255,0.001,0.0005,0.001500000013038516,10.0
F,0.815,0.055,1.13,2.8255,0.001,0.0005,0.001500000013038516,12.0
F,0.815,0.055,1.13,2.8255,0.001,0.0005,0.001500000013038516,12.0
M,0.075,0.055,1.13,2.8255,0.001,0.0005,0.001500000013038516,16.0
F,0.815,0.055,1.13,2.8255,0.001,0.0005,0.001500000013038516,12.0
F,0.075,0.65,1.13,2.8255,0.001,0.0005,0.001500000013038516,10.0
F,0.075,0.65,1.13,2.8255,0.001,0.0005,0.001500000013038516,16.0
I,0.815,0.055,0.0,2.8255,0.001,0.0005,1.0049999952316284,7.0
F,0.815,0.055,1.13,2.8255,0.001,0.0005,0.001500000013038516,18.0
M,0.075,0.65,1.13,2.8255,0.001,0.0005,0.001500000013038516,16.0
F,0.075,0.65,1.13,2.8255,0.001,0.0005,0.001500000013038516,14.0
F,0.075,0.65,1.13,2.8255,0.001,0.0005,0.001500000013038516,5.0
F,0.075,0.65,1.13,2.8255,0.001,0.0005,0.001500000013038516,16.0
F,0.815,0.055,1.13,2.8255,0.001,0.0005,0.001500000013038516,12.0
F,0.815,0.055,1.13,2.8255,0.001,0.0005,0.001500000013038516,12.0
F,0.075,0.65,1.13,2.8255,0.001,0.0005,0.001500000013038516,14.0
F,0.815,0.055,1.13,2.8255,0.001,0.0005,0.001500000013038516,12.0
F,0.075,0.055,1.13,2.8255,0.001,0.0005,0.001500000013038516,12.0
M,0.815,0.055,0.0,2.8255,0.001,0.0005,0.001500000013038516,15.0
F,0.075,0.055,1.13,2.8255,0.001,0.0005,0.001500000013038516,10.0
F,0.075,0.65,1.13,2.8255,0.001,0.0005,0.001500000013038516,10.0
F,0.075,0.055,1.13,2.8255,0.001,0.0005,0.001500000013038516,10.0
F,0.815,0.055,1.13,2.8255,0.001,0.0005,0.001500000013038516,12.0
M,0.815,0.055,1.13,2.8255,0.001,0.0005,0.001500000013038516,14.0
F,0.815,0.055,1.13,2.8255,0.001,0.0005,0.001500000013038516,12.0
F,0.075,0.055,1.13,2.8255,0.001,0.0005,0.001500000013038516,14.0
F,0.815,0.055,1.13,2.8255,0.001,0.0005,0.001500000013038516,10.0
F,0.075,0.65,1.13,2.8255,0.001,0.0005,0.001500000013038516,16.0
I,0.815,0.055,0.0,2.8255,0.001,0.0005,0.001500000013038516,16.0
F,0.815,0.055,1.13,2.8255,0.001,0.0005,0.001500000013038516,14.0
F,0.075,0.055,1.13,2.8255,0.001,0.0005,0.001500000013038516,14.0
F,0.075,0.055,1.13,2.8255,0.001,0.0005,0.001500000013038516,12.0
F,0.075,0.055,1.13,2.8255,0.001,0.0005,0.001500000013038516,10.0
F,0.815,0.055,1.13,2.8255,0.001,0.0005,0.001500000013038516,12.0
F,0.815,0.055,1.13,2.8255,0.001,0.0005,0.001500000013038516,12.0
M,0.075,0.65,1.13,2.8255,0.001,0.0005,0.001500000013038516,16.0
F,0.075,0.65,0.0,2.8255,0.001,0.0005,0.001500000013038516,5.0
F,0.815,0.055,1.13,2.8255,0.001,0.0005,0.001500000013038516,18.0
F,0.815,0.055,1.13,2.8255,0.001,0.0005,0.001500000013038516,12.0
M,0.075,0.65,1.13,2.8255,0.001,0.0005,0.001500000013038516,16.0
F,0.815,0.055,1.13,2.8255,0.001,0.0005,0.001500000013038516,12.0
F,0.815,0.055,1.13,2.8255,0.001,0.0005,0.001500000013038516,12.0
F,0.075,0.65,1.13,2.8255,0.001,0.0005,0.001500000013038516,10.0
M,0.075,0.65,0.0,2.8255,0.001,0.0005,1.0049999952316284,18.0
F,0.075,0.65,1.13,2.8255,0.001,0.0005,0.001500000013038516,14.0
M,0.075,0.65,1.13,2.8255,0.001,0.0005,0.001500000013038516,16.0
F,0.075,0.055,1.13,2.8255,0.001,0.0005,0.001500000013038516,18.0
F,0.815,0.055,1.13,2.8255,0.001,0.0005,0.001500000013038516,10.0
F,0.075,0.65,1.13,2.8255,0.001,0.0005,0.001500000013038516,16.0
F,0.075,0.65,1.13,2.8255,0.001,0.0005,0.001500000013038516,10.0
F,0.075,0.65,1.13,2.8255,0.001,0.0005,0.001500000013038516,10.0
F,0.075,0.65,1.13,2.8255,0.001,0.0005,0.001500000013038516,10.0
F,0.075,0.65,1.13,2.8255,0.001,0.0005,0.001500000013038516,10.0
F,0.075,0.055,1.13,2.8255,0.001,0.0005,0.001500000013038516,12.0
F,0.075,0.65,1.13,2.8255,0.001,0.0005,0.001500000013038516,16.0
F,0.075,0.65,1.13,2.8255,0.001,0.0005,0.001500000013038516,10.0
F,0.075,0.65,1.13,2.8255,0.001,0.0005,0.0018151890253648162,5.0
F,0.075,0.65,1.13,2.8255,0.001,0.0005,0.001500000013038516,14.0
F,0.075,0.055,1.13,2.8255,0.001,0.0005,0.001500000013038516,10.0
F,0.075,0.65,1.13,2.8255,0.001,0.0005,1.0049999952316284,10.0
F,0.075,0.65,1.13,2.8255,0.001,0.0005,0.001500000013038516,16.0
F,0.075,0.65,1.13,2.8255,0.001,0.0005,1.0049999952316284,12.0
F,0.075,0.65,1.13,2.8255,0.001,0.0005,0.001500000013038516,14.0
F,0.075,0.65,1.13,2.8255,0.001,0.0005,1.0049999952316284,10.0
F,0.075,0.65,1.13,2.8255,0.001,0.0005,0.001500000013038516,14.0
F,0.815,0.055,1.13,2.8255,0.001,0.0005,1.0049999952316284,6.0
F,0.075,0.055,1.13,2.8255,0.001,0.0005,0.001500000013038516,12.0
F,0.075,0.055,1.13,2.8255,0.001,0.0005,0.001500000013038516,10.0
F,0.815,0.055,1.13,2.8255,0.001,0.0005,0.001500000013038516,12.0
F,0.075,0.055,1.13,2.8255,0.001,0.0005,0.001500000013038516,10.0
F,0.075,0.65,1.13,2.8255,0.001,0.0005,0.001500000013038516,14.0
F,0.075,0.65,1.13,2.8255,0.001,0.0005,1.0049999952316284,10.0
F,0.815,0.055,1.13,2.8255,0.001,0.0005,0.001500000013038516,12.0
F,0.075,0.65,0.0,2.8255,0.001,0.0005,1.0049999952316284,18.0
F,0.075,0.65,1.13,2.8255,0.001,0.0005,0.001500000013038516,14.0
M,0.815,0.055,0.0,2.8255,0.001,0.0005,0.001500000013038516,14.0
F,0.075,0.65,1.13,2.8255,0.001,0.0005,0.001500000013038516,5.0
F,0.815,0.055,1.13,2.8255,0.001,0.0005,0.001500000013038516,12.0
F,0.075,0.65,1.13,2.8255,0.001,0.0005,0.001500000013038516,10.0
I,0.815,0.055,1.13,2.8255,0.001,0.0005,0.001500000013038516,16.0
F,0.075,0.055,1.13,2.8255,0.001,0.0005,0.001500000013038516,12.0
F,0.075,0.65,1.13,2.8255,0.001,0.0005,1.0049999952316284,6.0
F,0.815,0.055,1.13,2.8255,0.001,0.0005,0.001500000013038516,12.0
F,0.075,0.65,1.13,2.8255,0.001,0.0005,0.001500000013038516,10.0
F,0.075,0.65,1.13,2.8255,0.001,0.0005,1.0049999952316284,18.0
F,0.075,0.055,1.13,2.8255,0.001,0.0005,0.001500000013038516,12.0
F,0.075,0.055,1.13,2.8255,0.001,0.0005,0.001500000013038516,16.0
F,0.075,0.65,1.13,2.8255,0.001,0.0005,0.001500000013038516,10.0
F,0.075,0.055,1.13,2.8255,0.001,0.0005,0.001500000013038516,16.0
F,0.075,0.65,1.13,2.8255,0.001,0.0005,0.001500000013038516,10.0
F,0.815,0.055,1.13,2.8255,0.001,0.0005,0.001500000013038516,10.0
F,0.075,0.65,1.13,2.8255,0.001,0.0005,0.001500000013038516,10.0
F,0.075,0.65,1.13,2.8255,0.001,0.0005,0.001500000013038516,10.0
F,0.815,0.055,1.13,2.8255,0.001,0.0005,0.001500000013038516,12.0
M,0.815,0.055,1.13,2.8255,0.001,0.0005,0.001500000013038516,18.0
F,0.815,0.055,1.13,2.8255,0.001,0.0005,0.001500000013038516,10.0
F,0.815,0.055,1.13,2.8255,0.001,0.0005,0.001500000013038516,18.0
F,0.815,0.055,1.13,2.8255,0.001,0.0005,0.001500000013038516,18.0
M,0.075,0.65,1.13,2.8255,0.001,0.0005,0.001500000013038516,16.0
F,0.815,0.055,1.13,2.8255,0.001,0.0005,0.001500000013038516,12.0
F,0.075,0.055,1.13,2.8255,0.001,0.0005,0.001500000013038516,10.0
I,0.815,0.055,1.13,2.8255,0.001,0.0005,0.001500000013038516,14.0
F,0.815,0.055,1.13,2.8255,0.001,0.0005,0.001500000013038516,12.0
F,0.815,0.055,1.13,2.8255,0.001,0.0005,0.001500000013038516,10.0
F,0.075,0.65,1.13,2.8255,0.001,0.0005,0.001500000013038516,10.0
F,0.075,0.65,1.13,2.8255,0.001,0.0005,0.001500000013038516,16.0
F,0.815,0.055,1.13,2.8255,0.001,0.0005,0.001500000013038516,12.0
F,0.075,0.65,1.13,2.8255,0.001,0.0005,0.001500000013038516,5.0
F,0.075,0.055,1.13,2.8255,0.001,0.0005,0.001500000013038516,14.0
F,0.075,0.65,0.0,2.8255,0.001,0.0005,0.001500000013038516,10.0
F,0.815,0.055,1.13,2.8255,0.001,0.0005,0.001500000013038516,10.0
F,0.815,0.055,1.13,2.8255,0.001,0.0005,0.001500000013038516,10.0
F,0.075,0.055,1.13,2.8255,0.001,0.0005,0.001500000013038516,10.0
F,0.815,0.055,1.13,2.8255,0.001,0.0005,0.001500000013038516,14.0
M,0.815,0.055,0.0,2.8255,0.001,0.0005,0.001500000013038516,18.0
F,0.815,0.055,1.13,2.8255,0.001,0.0005,0.001500000013038516,12.0
I,0.815,0.055,0.0,2.8255,0.001,0.0005,0.001500000013038516,12.0
F,0.075,0.055,1.13,2.8255,0.001,0.0005,1.0049999952316284,10.0
M,0.075,0.65,1.13,2.8255,0.001,0.0005,0.001500000013038516,16.0
M,0.815,0.055,1.13,2.8255,0.001,0.0005,0.001500000013038516,18.0
F,0.815,0.055,1.13,2.8255,0.001,0.0005,0.001500000013038516,12.0
F,0.815,0.055,1.13,2.8255,0.001,0.0005,0.001500000013038516,12.0
F,0.075,0.65,1.13,2.8255,0.001,0.0005,0.001500000013038516,14.0
F,0.815,0.055,1.13,2.8255,0.001,0.0005,0.001500000013038516,12.0
M,0.075,0.65,1.13,2.8255,0.001,0.0005,0.001500000013038516,16.0
F,0.075,0.65,1.13,2.8255,0.001,0.0005,0.001500000013038516,14.0
F,0.075,0.65,1.13,2.8255,0.001,0.0005,0.001500000013038516,14.0
M,0.075,0.055,1.13,2.8255,0.001,0.0005,0.001500000013038516,16.0
M,0.815,0.055,1.13,2.8255,0.001,0.0005,0.001500000013038516,18.0
F,0.075,0.65,1.13,2.8255,0.001,0.0005,0.001500000013038516,14.0
F,0.075,0.055,1.13,2.8255,0.001,0.0005,0.001500000013038516,10.0
F,0.075,0.65,1.13,2.8255,0.001,0.0005,0.001500000013038516,17.0
F,0.815,0.055,1.13,2.8255,0.001,0.0005,0.001500000013038516,10.0
I,0.815,0.055,1.13,2.8255,0.001,0.0005,0.001500000013038516,16.0
F,0.075,0.65,1.13,2.8255,0.001,0.0005,0.001500000013038516,16.0
F,0.075,0.055,1.13,2.8255,0.001,0.0005,0.001500000013038516,10.0
F,0.075,0.65,1.13,2.8255,0.001,0.0005,0.001500000013038516,12.0
F,0.815,0.055,1.13,2.8255,0.001,0.0005,0.001500000013038516,10.0
M,0.075,0.65,0.0,2.8255,0.001,0.0005,0.001500000013038516,5.0
F,0.075,0.65,1.13,2.8255,0.001,0.0005,0.001500000013038516,10.0
F,0.075,0.65,1.13,2.8255,0.001,0.0005,0.001500000013038516,10.0
F,0.075,0.055,1.13,2.8255,0.001,0.0005,0.001500000013038516,12.0
F,0.075,0.055,1.13,2.8255,0.001,0.0005,0.001500000013038516,10.0
F,0.075,0.055,1.13,2.8255,0.001,0.0005,0.001500000013038516,10.0
F,0.815,0.055,1.13,2.8255,0.001,0.0005,0.001500000013038516,12.0
F,0.075,0.65,1.13,2.8255,0.001,0.0005,0.001500000013038516,10.0
F,0.075,0.65,1.13,2.8255,0.001,0.0005,1.0049999952316284,6.0
F,0.815,0.055,1.13,2.8255,0.001,0.0005,0.001500000013038516,12.0
F,0.075,0.055,1.13,2.8255,0.001,0.0005,0.001500000013038516,12.0
F,0.075,0.65,1.13,2.8255,0.001,0.0005,0.001500000013038516,10.0
F,0.075,0.65,0.0,2.8255,0.001,0.0005,1.0049999952316284,18.0
F,0.815,0.055,1.13,2.8255,0.001,0.0005,0.001500000013038516,12.0
F,0.075,0.055,1.13,2.8255,0.001,0.0005,0.001500000013038516,16.0
F,0.075,0.055,1.13,2.8255,0.001,0.0005,0.001500000013038516,10.0
F,0.815,0.055,1.13,2.8255,0.001,0.0005,0.001500000013038516,12.0
F,0.075,0.65,1.13,2.8255,0.001,0.0005,0.001500000013038516,10.0
F,0.075,0.65,0.0,2.8255,0.001,0.0005,1.0049999952316284,5.0
M,0.815,0.055,0.0,2.8255,0.001,0.0005,0.001500000013038516,18.0
F,0.815,0.055,0.0,2.8255,0.001,0.0005,0.001500000013038516,12.0
F,0.075,0.055,1.13,2.8255,0.001,0.0005,0.001500000013038516,10.0
F,0.815,0.055,1.13,2.8255,0.001,0.0005,0.001500000013038516,12.0
M,0.075,0.65,1.13,2.8255,0.001,0.0005,0.001500000013038516,16.0
F,0.075,0.055,1.13,2.8255,0.001,0.0005,0.001500000013038516,14.0
F,0.075,0.055,1.13,2.8255,0.001,0.0005,0.001500000013038516,12.0
F,0.815,0.055,1.13,2.8255,0.001,0.0005,0.001500000013038516,10.0
F,0.075,0.65,1.13,2.8255,0.001,0.0005,0.001500000013038516,5.0
F,0.815,0.055,1.13,2.8255,0.001,0.0005,0.001500000013038516,12.0
F,0.815,0.055,1.13,2.8255,0.001,0.0005,0.001500000013038516,12.0
F,0.075,0.65,1.13,2.8255,0.001,0.0005,0.001500000013038516,5.0
M,0.075,0.055,1.13,2.8255,0.001,0.0005,0.001500000013038516,16.0
F,0.815,0.055,1.13,2.8255,0.001,0.0005,0.001500000013038516,12.0
F,0.815,0.055,1.13,2.8255,0.001,0.0005,0.001500000013038516,14.0
F,0.815,0.055,1.13,2.8255,0.001,0.0005,0.001500000013038516,12.0
F,0.815,0.055,1.13,2.8255,0.001,0.0005,0.001500000013038516,12.0
F,0.075,0.65,1.13,2.8255,0.001,0.0005,1.0049999952316284,6.0
M,0.815,0.055,1.13,2.8255,0.001,0.0005,0.001500000013038516,14.0
F,0.075,0.65,1.13,2.8255,0.001,0.0005,0.001500000013038516,10.0
F,0.075,0.65,1.13,2.8255,0.001,0.0005,0.001500000013038516,16.0
M,0.075,0.65,0.0,2.8255,0.001,0.0005,0.001500000013038516,16.0
F,0.075,0.65,1.13,2.8255,0.001,0.0005,0.001500000013038516,10.0
F,0.815,0.055,1.13,2.8255,0.001,0.0005,0.001500000013038516,5.0
F,0.815,0.055,1.13,2.8255,0.001,0.0005,0.001500000013038516,12.0
F,0.075,0.65,1.13,2.8255,0.001,0.0005,0.001500000013038516,10.0
F,0.075,0.055,1.13,2.8255,0.001,0.0005,0.001500000013038516,12.0
M,0.075,0.65,1.13,2.8255,0.001,0.0005,0.001500000013038516,16.0
F,0.075,0.65,0.0,2.8255,0.001,0.0005,0.001500000013038516,5.0
F,0.075,0.65,1.13,2.8255,0.001,0.0005,0.001500000013038516,16.0
F,0.815,0.055,1.13,2.8255,0.001,0.0005,0.001500000013038516,12.0
F,0.815,0.055,1.13,2.8255,0.001,0.0005,0.001500000013038516,12.0
M,0.075,0.65,1.13,2.8255,0.001,0.0005,0.001500000013038516,16.0
F,0.075,0.65,1.13,2.8255,0.001,0.0005,0.001500000013038516,14.0
F,0.075,0.65,1.13,2.8255,0.001,0.0005,0.001500000013038516,16.0
I,0.815,0.055,0.0,2.8255,0.001,0.0005,0.001500000013038516,12.0
F,0.815,0.055,1.13,2.8255,0.001,0.0005,0.001500000013038516,12.0
M,0.815,0.055,1.13,2.8255,0.001,0.0005,0.001500000013038516,14.0
F,0.815,0.055,1.13,2.8255,0.001,0.0005,0.001500000013038516,7.0
F,0.815,0.055,1.13,2.8255,0.001,0.0005,0.001500000013038516,12.0
F,0.815,0.055,1.13,2.8255,0.001,0.0005,0.001500000013038516,12.0
F,0.075,0.055,1.13,2.8255,0.001,0.0005,1.0049999952316284,6.0
F,0.815,0.055,1.13,2.8255,0.001,0.0005,0.001500000013038516,12.0
F,0.815,0.055,1.13,2.8255,0.001,0.0005,0.001500000013038516,12.0
M,0.075,0.65,0.0,2.8255,0.001,0.0005,0.001500000013038516,16.0
F,0.075,0.65,1.13,2.8255,0.001,0.0005,0.001500000013038516,10.0
F,0.815,0.055,1.13,2.8255,0.001,0.0005,0.001500000013038516,12.0
F,0.075,0.65,1.13,2.8255,0.001,0.0005,0.001500000013038516,5.0
F,0.075,0.055,1.13,2.8255,0.001,0.0005,1.0049999952316284,6.0
F,0.075,0.65,1.13,2.8255,0.001,0.0005,1.0049999952316284,6.0
M,0.815,0.055,1.13,2.8255,0.001,0.0005,0.001500000013038516,16.0
M,0.815,0.055,1.13,2.8255,0.001,0.0005,0.001500000013038516,18.0
F,0.075,0.65,1.13,2.8255,0.001,0.0005,0.001500000013038516,16.0
F,0.075,0.65,1.13,2.8255,0.001,0.0005,1.0049999952316284,10.0
F,0.815,0.055,1.13,2.8255,0.001,0.0005,0.001500000013038516,10.0
F,0.075,0.65,0.6117068,2.8255,0.001,0.0005,1.0049999952316284,16.0
F,0.815,0.055,1.13,2.8255,0.001,0.0005,0.001500000013038516,12.0
M,0.075,0.65,0.0,2.8255,0.001,0.0005,0.001500000013038516,16.0
F,0.815,0.055,1.13,2.8255,0.001,0.0005,0.001500000013038516,12.0
F,0.815,0.055,1.13,2.8255,0.001,0.0005,0.001500000013038516,12.0
M,0.075,0.65,1.13,2.8255,0.001,0.0005,0.001500000013038516,16.0
F,0.815,0.055,1.13,2.8255,0.001,0.0005,0.001500000013038516,14.0
M,0.075,0.65,1.13,2.8255,0.001,0.0005,0.001500000013038516,16.0
F,0.815,0.055,1.13,2.8255,0.001,0.0005,0.001500000013038516,12.0
F,0.075,0.055,1.13,2.8255,0.001,0.0005,0.001500000013038516,10.0
F,0.075,0.65,1.13,2.8255,0.001,0.0005,0.001500000013038516,16.0
M,0.075,0.65,0.0,2.8255,0.001,0.0005,0.001500000013038516,15.0
M,0.075,0.65,1.13,2.8255,0.001,0.0005,0.001500000013038516,16.0
F,0.815,0.055,1.13,2.8255,0.001,0.0005,0.001500000013038516,12.0
F,0.815,0.055,1.13,2.8255,0.001,0.0005,0.001500000013038516,17.0
F,0.075,0.65,1.13,2.8255,0.001,0.0005,0.001500000013038516,16.0
F,0.075,0.65,1.13,2.8255,0.001,0.0005,0.001500000013038516,10.0
M,0.815,0.055,1.13,2.8255,0.001,0.0005,0.001500000013038516,14.0
F,0.075,0.65,1.13,2.8255,0.001,0.0005,0.001500000013038516,10.0
F,0.815,0.055,1.13,2.8255,0.001,0.0005,0.001500000013038516,12.0
F,0.815,0.055,1.13,2.8255,0.001,0.0005,0.001500000013038516,10.0
M,0.075,0.055,1.13,2.8255,0.001,0.0005,0.001500000013038516,18.0
F,0.075,0.65,1.13,2.8255,0.001,0.0005,0.001500000013038516,16.0
F,0.075,0.65,1.13,2.8255,0.001,0.0005,0.001500000013038516,14.0
F,0.075,0.65,1.13,2.8255,0.001,0.0005,0.001500000013038516,17.0
F,0.075,0.65,0.0,2.8255,0.001,0.0005,1.0049999952316284,18.0
F,0.075,0.65,1.13,2.8255,0.001,0.0005,0.001500000013038516,10.0
F,0.075,0.055,1.13,2.8255,0.001,0.0005,0.001500000013038516,12.0
F,0.075,0.055,1.13,2.8255,0.001,0.0005,0.001500000013038516,10.0
F,0.075,0.65,1.13,2.8255,0.001,0.0005,0.001500000013038516,14.0
F,0.075,0.65,1.13,2.8255,0.001,0.0005,0.001500000013038516,10.0
F,0.075,0.65,1.13,2.8255,0.001,0.0005,1.0049999952316284,14.0
F,0.815,0.055,1.13,2.8255,0.001,0.0005,0.001500000013038516,12.0
F,0.075,0.65,1.13,2.8255,0.001,0.0005,1.0049999952316284,6.0
F,0.815,0.055,1.13,2.8255,0.001,0.0005,0.001500000013038516,12.0
I,0.815,0.055,0.0,2.8255,0.001,0.0005,1.0049999952316284,14.0
F,0.075,0.65,1.13,2.8255,0.001,0.0005,0.001500000013038516,14.0
F,0.075,0.65,1.13,2.8255,0.001,0.0005,1.0049999952316284,10.0
F,0.815,0.055,1.13,2.8255,0.001,0.0005,0.001500000013038516,14.0
F,0.075,0.055,1.13,2.8255,0.001,0.0005,0.001500000013038516,10.0
F,0.815,0.055,1.13,2.8255,0.001,0.0005,0.001500000013038516,12.0
M,0.075,0.65,1.13,2.8255,0.001,0.0005,0.001500000013038516,16.0
F,0.075,0.65,1.13,2.8255,0.001,0.0005,0.001500000013038516,14.0
F,0.075,0.65,1.13,2.8255,0.001,0.0005,0.001500000013038516,16.0
F,0.815,0.055,1.13,2.8255,0.001,0.0005,0.001500000013038516,12.0
F,0.815,0.055,1.13,2.8255,0.001,0.0005,0.001500000013038516,12.0
F,0.075,0.65,1.13,2.8255,0.001,0.0005,0.001500000013038516,14.0
F,0.075,0.055,1.13,2.8255,0.001,0.0005,0.001500000013038516,12.0
F,0.815,0.055,1.13,2.8255,0.001,0.0005,0.001500000013038516,12.0
F,0.075,0.65,1.13,2.8255,0.001,0.0005,0.001500000013038516,16.0
F,0.815,0.055,1.13,2.8255,0.001,0.0005,0.001500000013038516,12.0
M,0.075,0.65,0.0,2.8255,0.001,0.0005,0.001500000013038516,5.0
M,0.815,0.055,0.0,2.8255,0.001,0.0005,0.001500000013038516,5.0
F,0.815,0.055,1.13,2.8255,0.001,0.0005,0.001500000013038516,12.0
M,0.075,0.65,0.0,2.8255,0.001,0.0005,0.001500000013038516,4.0
F,0.075,0.65,1.13,2.8255,0.001,0.0005,0.001500000013038516,10.0
F,0.075,0.65,1.13,2.8255,0.001,0.0005,1.0049999952316284,5.0
M,0.075,0.65,1.13,2.8255,0.001,0.0005,0.001500000013038516,16.0
F,0.075,0.65,1.13,2.8255,0.001,0.0005,1.0049999952316284,4.0
F,0.075,0.65,1.13,2.8255,0.001,0.0005,0.001500000013038516,10.0
F,0.815,0.055,1.13,2.8255,0.001,0.0005,0.001500000013038516,12.0
F,0.075,0.65,1.13,2.8255,0.001,0.0005,0.001500000013038516,16.0
F,0.075,0.65,1.13,2.8255,0.001,0.0005,0.001500000013038516,14.0
F,0.815,0.055,1.13,2.8255,0.001,0.0005,0.001500000013038516,14.0
F,0.815,0.055,1.13,2.8255,0.001,0.0005,0.001500000013038516,5.0
F,0.075,0.65,1.13,2.8255,0.001,0.0005,0.001500000013038516,14.0
M,0.075,0.65,1.13,2.8255,0.001,0.0005,0.001500000013038516,16.0
F,0.815,0.055,1.13,2.8255,0.001,0.0005,0.001500000013038516,12.0
F,0.075,0.055,1.13,2.8255,0.001,0.0005,0.001500000013038516,10.0
F,0.815,0.055,1.13,2.8255,0.001,0.0005,0.001500000013038516,12.0
F,0.075,0.055,1.13,2.8255,0.001,0.0005,1.0049999952316284,12.0
F,0.815,0.055,1.13,2.8255,0.001,0.0005,0.001500000013038516,12.0
F,0.075,0.65,1.13,2.8255,0.001,0.0005,1.0049999952316284,6.0
M,0.075,0.65,0.0,2.8255,0.001,0.0005,0.001500000013038516,16.0
M,0.815,0.055,1.13,2.8255,0.001,0.0005,0.001500000013038516,18.0
M,0.075,0.65,1.13,2.8255,0.001,0.0005,0.001500000013038516,16.0
F,0.815,0.055,1.13,2.8255,0.001,0.0005,0.001500000013038516,12.0
F,0.075,0.65,1.13,2.8255,0.001,0.0005,0.001500000013038516,5.0
F,0.075,0.65,1.13,2.8255,0.001,0.0005,0.001500000013038516,16.0
M,0.075,0.65,1.13,2.8255,0.001,0.0005,0.001500000013038516,16.0
F,0.075,0.65,1.13,2.8255,0.001,0.0005,0.001500000013038516,5.0
F,0.075,0.65,1.13,2.8255,0.001,0.0005,0.001500000013038516,10.0
F,0.815,0.055,1.13,2.8255,0.001,0.0005,0.001500000013038516,10.0
F,0.075,0.055,1.13,2.8255,0.001,0.0005,0.001500000013038516,10.0
M,0.075,0.65,0.0,2.8255,0.001,0.0005,0.001500000013038516,16.0
F,0.815,0.055,1.13,2.8255,0.001,0.0005,0.001500000013038516,12.0
I,0.815,0.055,0.0,2.8255,0.001,0.0005,0.001500000013038516,14.0
F,0.075,0.65,1.13,2.8255,0.001,0.0005,0.001500000013038516,10.0
M,0.075,0.055,1.13,2.8255,0.001,0.0005,0.001500000013038516,18.0
M,0.075,0.65,0.0,2.8255,0.001,0.0005,0.001500000013038516,5.0
M,0.815,0.055,1.13,2.8255,0.001,0.0005,0.001500000013038516,18.0
F,0.075,0.65,1.13,2.8255,0.001,0.0005,0.001500000013038516,18.0
F,0.075,0.65,1.13,2.8255,0.001,0.0005,0.001500000013038516,5.0
M,0.075,0.65,1.13,2.8255,0.001,0.0005,0.001500000013038516,5.0
F,0.075,0.65,0.0,2.8255,0.001,0.0005,1.0049999952316284,6.0
F,0.075,0.65,1.13,2.8255,0.001,0.0005,0.001500000013038516,10.0
F,0.815,0.055,1.13,2.8255,0.001,0.0005,1.0049999952316284,12.0
F,0.815,0.055,1.13,2.8255,0.001,0.0005,0.001500000013038516,10.0
F,0.075,0.65,1.13,2.8255,0.001,0.0005,0.001500000013038516,10.0
F,0.075,0.65,1.13,2.8255,0.001,0.0005,0.001500000013038516,10.0
I,0.815,0.055,1.13,2.8255,0.001,0.0005,0.001500000013038516,17.0
F,0.075,0.055,1.13,2.8255,0.001,0.0005,0.001500000013038516,10.0
M,0.815,0.055,1.13,2.8255,0.001,0.0005,0.001500000013038516,18.0
M,0.815,0.055,1.13,2.8255,0.001,0.0005,0.001500000013038516,14.0
F,0.075,0.65,1.13,2.8255,0.001,0.0005,0.001500000013038516,10.0
F,0.815,0.055,1.13,2.8255,0.001,0.0005,0.001500000013038516,12.0
F,0.815,0.055,1.13,2.8255,0.001,0.0005,0.001500000013038516,12.0
F,0.075,0.65,1.13,2.8255,0.001,0.0005,0.001500000013038516,10.0
F,0.075,0.65,1.13,2.8255,0.001,0.0005,0.001500000013038516,10.0
F,0.815,0.055,1.13,2.8255,0.001,0.0005,0.001500000013038516,12.0
F,0.075,0.65,1.13,2.8255,0.001,0.0005,0.001500000013038516,5.0
F,0.075,0.65,1.13,2.8255,0.001,0.0005,0.001500000013038516,14.0
F,0.075,0.65,1.13,2.8255,0.001,0.0005,0.001500000013038516,5.0
F,0.815,0.055,1.13,2.8255,0.001,0.0005,0.001500000013038516,18.0
F,0.815,0.055,1.13,2.8255,0.001,0.0005,0.001500000013038516,12.0
F,0.815,0.055,1.13,2.8255,0.001,0.0005,0.001500000013038516,16.0
F,0.075,0.65,1.13,2.8255,0.001,0.0005,0.001500000013038516,10.0
F,0.075,0.055,1.13,2.8255,0.001,0.0005,0.001500000013038516,16.0
F,0.815,0.055,1.13,2.8255,0.001,0.0005,1.0049999952316284,6.0
M,0.815,0.055,1.13,2.8255,0.001,0.0005,0.001500000013038516,18.0
I,0.815,0.055,0.0,2.8255,0.001,0.0005,1.0049999952316284,14.0
F,0.075,0.65,1.13,2.8255,0.001,0.0005,0.001500000013038516,10.0
M,0.075,0.65,1.13,2.8255,0.001,0.0005,0.001500000013038516,16.0
F,0.075,0.65,1.13,2.8255,0.001,0.0005,0.001500000013038516,10.0
M,0.075,0.055,1.13,2.8255,0.001,0.0005,0.001500000013038516,16.0
M,0.075,0.65,1.13,2.8255,0.001,0.0005,0.001500000013038516,16.0
F,0.075,0.65,0.0,2.8255,0.001,0.0005,0.001500000013038516,5.0
F,0.815,0.055,1.13,2.8255,0.001,0.0005,0.001500000013038516,12.0
F,0.815,0.055,1.13,2.8255,0.001,0.0005,0.001500000013038516,12.0
F,0.815,0.055,1.13,2.8255,0.001,0.0005,0.001500000013038516,12.0
F,0.075,0.055,1.13,2.8255,0.001,0.0005,0.001500000013038516,10.0
F,0.815,0.055,1.13,2.8255,0.001,0.0005,0.001500000013038516,10.0
F,0.075,0.65,1.13,2.8255,0.001,0.0005,0.001500000013038516,10.0
M,0.815,0.055,0.0,2.8255,0.001,0.0005,0.001500000013038516,18.0
F,0.075,0.65,1.13,2.8255,0.001,0.0005,0.001500000013038516,5.0
F,0.815,0.055,1.13,2.8255,0.001,0.0005,0.001500000013038516,12.0
F,0.075,0.65,1.13,2.8255,0.001,0.0005,1.0049999952316284,12.0
F,0.075,0.65,1.13,2.8255,0.001,0.0005,0.001500000013038516,5.0
F,0.815,0.055,1.13,2.8255,0.001,0.0005,0.001500000013038516,5.0
F,0.815,0.055,1.13,2.8255,0.001,0.0005,0.001500000013038516,18.0
F,0.815,0.055,1.13,2.8255,0.001,0.0005,0.001500000013038516,12.0
F,0.815,0.055,1.13,2.8255,0.001,0.0005,0.001500000013038516,10.0
F,0.815,0.055,1.13,2.8255,0.001,0.0005,0.001500000013038516,12.0
F,0.815,0.055,1.13,2.8255,0.001,0.0005,0.001500000013038516,12.0
F,0.815,0.055,1.13,2.8255,0.001,0.0005,0.001500000013038516,18.0
F,0.075,0.65,1.13,2.8255,0.001,0.0005,0.001500000013038516,16.0
F,0.075,0.65,1.13,2.8255,0.001,0.0005,0.001500000013038516,10.0
F,0.075,0.055,1.13,2.8255,0.001,0.0005,0.001500000013038516,12.0
F,0.815,0.055,1.13,2.8255,0.001,0.0005,0.001500000013038516,12.0
I,0.815,0.055,1.13,2.8255,0.001,0.0005,0.001500000013038516,18.0
F,0.075,0.65,1.13,2.8255,0.001,0.0005,0.001500000013038516,10.0
F,0.075,0.65,1.13,2.8255,0.001,0.0005,0.001500000013038516,10.0
F,0.815,0.055,1.13,2.8255,0.001,0.0005,0.001500000013038516,18.0
M,0.075,0.055,1.13,2.8255,0.001,0.0005,0.001500000013038516,16.0
I,0.815,0.055,1.13,2.8255,0.001,0.0005,0.001500000013038516,14.0
M,0.815,0.055,1.13,2.8255,0.001,0.0005,0.001500000013038516,18.0
F,0.815,0.055,1.13,2.8255,0.001,0.0005,0.001500000013038516,12.0
F,0.815,0.055,1.13,2.8255,0.001,0.0005,0.001500000013038516,14.0
M,0.075,0.65,1.13,2.8255,0.001,0.0005,0.001500000013038516,16.0
F,0.075,0.65,1.13,2.8255,0.001,0.0005,0.001500000013038516,5.0
M,0.815,0.055,1.13,2.8255,0.001,0.0005,0.001500000013038516,14.0
F,0.075,0.65,1.13,2.8255,0.001,0.0005,0.001500000013038516,16.0
F,0.075,0.055,1.13,2.8255,0.001,0.0005,0.001500000013038516,10.0
F,0.075,0.65,1.13,2.8255,0.001,0.0005,1.0049999952316284,6.0
F,0.075,0.65,1.13,2.8255,0.001,0.0005,0.001500000013038516,10.0
M,0.815,0.055,1.13,2.8255,0.001,0.0005,0.001500000013038516,18.0
M,0.075,0.65,1.13,2.8255,0.001,0.0005,0.001500000013038516,16.0
F,0.815,0.055,1.13,2.8255,0.001,0.0005,0.001500000013038516,12.0
F,0.815,0.055,1.13,2.8255,0.001,0.0005,1.0049999952316284,10.0
F,0.815,0.055,1.13,2.8255,0.001,0.0005,0.001500000013038516,18.0
F,0.075,0.055,1.13,2.8255,0.001,0.0005,0.001500000013038516,10.0
F,0.075,0.65,1.13,2.8255,0.001,0.0005,0.001500000013038516,10.0
F,0.815,0.055,1.13,2.8255,0.001,0.0005,1.0049999952316284,12.0
M,0.075,0.65,0.0,2.8255,0.001,0.0005,0.001500000013038516,16.0
I,0.815,0.055,0.0,2.8255,0.001,0.0005,0.001500000013038516,10.0
F,0.075,0.055,1.13,2.8255,0.001,0.0005,0.001500000013038516,10.0
F,0.815,0.055,1.13,2.8255,0.001,0.0005,0.001500000013038516,12.0
F,0.075,0.055,1.13,2.8255,0.001,0.0005,0.001500000013038516,12.0
F,0.815,0.055,1.13,2.8255,0.001,0.0005,0.001500000013038516,12.0
F,0.075,0.65,1.13,2.8255,0.001,0.0005,0.001500000013038516,10.0
F,0.075,0.055,1.13,2.8255,0.001,0.0005,0.001500000013038516,10.0
F,0.075,0.65,0.0,2.8255,0.001,0.0005,1.0049999952316284,18.0
F,0.815,0.055,1.13,2.8255,0.001,0.0005,0.001500000013038516,10.0
F,0.815,0.055,1.13,2.8255,0.001,0.0005,0.001500000013038516,5.0
F,0.075,0.055,1.13,2.8255,0.001,0.0005,0.001500000013038516,10.0
F,0.075,0.65,1.13,2.8255,0.001,0.0005,0.001500000013038516,14.0
F,0.075,0.65,1.13,2.8255,0.001,0.0005,0.001500000013038516,16.0
F,0.075,0.055,1.13,2.8255,0.001,0.0005,0.001500000013038516,16.0
F,0.815,0.055,1.13,2.8255,0.001,0.0005,0.001500000013038516,12.0
F,0.075,0.055,1.13,2.8255,0.001,0.0005,0.001500000013038516,10.0
F,0.075,0.65,1.13,2.8255,0.001,0.0005,0.001500000013038516,10.0
F,0.075,0.055,1.13,2.8255,0.001,0.0005,1.0049999952316284,6.0
F,0.075,0.65,1.13,2.8255,0.001,0.0005,0.001500000013038516,10.0
F,0.815,0.055,1.13,2.8255,0.001,0.0005,0.001500000013038516,12.0
F,0.075,0.65,1.13,2.8255,0.001,0.0005,0.001500000013038516,10.0
F,0.075,0.055,1.13,2.8255,0.001,0.0005,0.001500000013038516,12.0
F,0.815,0.055,1.13,2.8255,0.001,0.0005,0.001500000013038516,12.0
F,0.815,0.055,1.13,2.8255,0.001,0.0005,0.001500000013038516,10.0
F,0.815,0.055,1.13,2.8255,0.001,0.0005,0.001500000013038516,12.0
F,0.075,0.65,1.13,2.8255,0.001,0.0005,0.001500000013038516,10.0
F,0.075,0.65,1.13,2.8255,0.001,0.0005,0.001500000013038516,10.0
F,0.075,0.65,1.13,2.8255,0.001,0.0005,0.001500000013038516,14.0
F,0.075,0.055,1.13,2.8255,0.001,0.0005,0.001500000013038516,10.0
F,0.075,0.055,1.13,2.8255,0.001,0.0005,0.001500000013038516,12.0
M,0.075,0.65,1.13,2.8255,0.001,0.0005,0.001500000013038516,5.0
F,0.075,0.65,1.13,2.8255,0.001,0.0005,0.001500000013038516,10.0
F,0.075,0.65,1.13,2.8255,0.001,0.0005,0.001500000013038516,14.0
M,0.075,0.65,1.13,2.8255,0.001,0.0005,0.001500000013038516,14.0
F,0.075,0.65,1.13,2.8255,0.001,0.0005,1.0049999952316284,18.0
F,0.075,0.65,1.13,2.8255,0.001,0.0005,1.0049999952316284,6.0
F,0.075,0.65,1.13,2.8255,0.001,0.0005,0.001500000013038516,16.0
F,0.815,0.055,1.13,2.8255,0.001,0.0005,0.001500000013038516,12.0
F,0.075,0.65,1.13,2.8255,0.001,0.0005,0.001500000013038516,16.0
F,0.075,0.65,1.13,2.8255,0.001,0.0005,0.001500000013038516,16.0
F,0.075,0.65,1.13,2.8255,0.001,0.0005,0.001500000013038516,10.0
F,0.815,0.055,1.13,2.8255,0.001,0.0005,0.001500000013038516,10.0
F,0.815,0.055,1.13,2.8255,0.001,0.0005,0.001500000013038516,12.0
F,0.075,0.65,1.13,2.8255,0.001,0.0005,0.001500000013038516,10.0
M,0.815,0.055,0.0,2.8255,0.001,0.0005,0.001500000013038516,16.0
F,0.075,0.65,1.13,2.8255,0.001,0.0005,0.001500000013038516,10.0
F,0.075,0.055,1.13,2.8255,0.001,0.0005,0.001500000013038516,10.0
M,0.815,0.055,0.0,2.8255,0.001,0.0005,0.001500000013038516,5.0
F,0.815,0.055,1.13,2.8255,0.001,0.0005,0.001500000013038516,10.0
M,0.075,0.65,1.13,2.8255,0.001,0.0005,0.001500000013038516,18.0
F,0.815,0.055,1.13,2.8255,0.001,0.0005,0.001500000013038516,12.0
F,0.815,0.055,1.13,2.8255,0.001,0.0005,0.001500000013038516,12.0
F,0.815,0.055,1.13,2.8255,0.001,0.0005,0.001500000013038516,12.0
F,0.075,0.65,1.13,2.8255,0.001,0.0005,0.001500000013038516,16.0
F,0.815,0.055,1.13,2.8255,0.001,0.0005,0.001500000013038516,12.0
I,0.815,0.055,0.0,2.8255,0.001,0.0005,1.0049999952316284,7.0
M,0.075,0.055,1.13,2.8255,0.001,0.0005,0.001500000013038516,18.0
F,0.815,0.055,1.13,2.8255,0.001,0.0005,0.001500000013038516,14.0
I,0.815,0.055,0.0,2.8255,0.001,0.0005,1.0049999952316284,7.0
F,0.075,0.65,1.13,2.8255,0.001,0.0005,0.001500000013038516,10.0
M,0.815,0.055,1.13,2.8255,0.001,0.0005,0.001500000013038516,18.0
M,0.815,0.055,1.13,2.8255,0.001,0.0005,0.001500000013038516,18.0
F,0.075,0.65,1.13,2.8255,0.001,0.0005,0.001500000013038516,16.0
F,0.075,0.65,1.13,2.8255,0.001,0.0005,0.001500000013038516,10.0
F,0.815,0.055,1.13,2.8255,0.001,0.0005,0.001500000013038516,12.0
M,0.075,0.65,1.13,2.8255,0.001,0.0005,0.001500000013038516,16.0
F,0.075,0.055,1.13,2.8255,0.001,0.0005,1.0049999952316284,12.0
M,0.075,0.65,1.13,2.8255,0.001,0.0005,0.001500000013038516,16.0
F,0.075,0.65,1.13,2.8255,0.001,0.0005,0.001500000013038516,16.0
F,0.815,0.055,1.13,2.8255,0.001,0.0005,0.001500000013038516,12.0
F,0.815,0.055,1.13,2.8255,0.001,0.0005,0.001500000013038516,12.0
F,0.075,0.055,1.13,2.8255,0.001,0.0005,0.001500000013038516,12.0
F,0.815,0.055,1.13,2.8255,0.001,0.0005,0.001500000013038516,10.0
F,0.075,0.055,1.13,2.8255,0.001,0.0005,0.001500000013038516,10.0
F,0.075,0.055,1.13,2.8255,0.001,0.0005,0.001500000013038516,12.0
F,0.815,0.055,1.13,2.8255,0.001,0.0005,0.001500000013038516,12.0
F,0.075,0.65,1.13,2.8255,0.001,0.0005,0.001500000013038516,16.0
F,0.815,0.055,1.13,2.8255,0.001,0.0005,0.001500000013038516,10.0
F,0.815,0.055,1.13,2.8255,0.001,0.0005,0.001500000013038516,10.0
F,0.075,0.65,1.13,2.8255,0.001,0.0005,0.001500000013038516,10.0
F,0.075,0.055,1.13,2.8255,0.001,0.0005,0.001500000013038516,12.0
F,0.815,0.055,1.13,2.8255,0.001,0.0005,0.001500000013038516,10.0
F,0.075,0.055,1.13,2.8255,0.001,0.0005,0.001500000013038516,16.0
F,0.075,0.055,1.13,2.8255,0.001,0.0005,0.001500000013038516,10.0
F,0.075,0.65,0.0,2.8255,0.001,0.0005,1.0049999952316284,18.0
M,0.075,0.65,1.13,2.8255,0.001,0.0005,0.001500000013038516,16.0
F,0.815,0.055,1.13,2.8255,0.001,0.0005,0.001500000013038516,12.0
F,0.075,0.055,1.13,2.8255,0.001,0.0005,0.001500000013038516,10.0
F,0.075,0.65,1.13,2.8255,0.001,0.0005,0.001500000013038516,16.0
F,0.075,0.055,1.13,2.8255,0.001,0.0005,0.001500000013038516,10.0
F,0.075,0.055,1.13,2.8255,0.001,0.0005,1.0049999952316284,7.0
F,0.075,0.65,1.13,2.8255,0.001,0.0005,0.001500000013038516,14.0
F,0.075,0.65,1.13,2.8255,0.001,0.0005,0.001500000013038516,10.0
F,0.815,0.055,1.13,2.8255,0.001,0.0005,0.001500000013038516,12.0
F,0.815,0.055,1.13,2.8255,0.001,0.0005,0.001500000013038516,12.0
F,0.075,0.65,1.13,2.8255,0.001,0.0005,0.001500000013038516,10.0
F,0.075,0.055,1.13,2.8255,0.001,0.0005,0.001500000013038516,14.0
F,0.815,0.055,1.13,2.8255,0.001,0.0005,0.001500000013038516,10.0
F,0.815,0.055,1.13,2.8255,0.001,0.0005,0.001500000013038516,10.0
F,0.075,0.055,1.13,2.8255,0.001,0.0005,0.001500000013038516,12.0
F,0.815,0.055,1.13,2.8255,0.001,0.0005,0.001500000013038516,12.0
M,0.815,0.45,0.0,2.8255,0.001,0.0005,0.001500000013038516,16.0
F,0.075,0.65,1.13,2.8255,0.001,0.0005,0.001500000013038516,16.0
F,0.075,0.65,1.13,2.8255,0.001,0.0005,1.0049999952316284,6.0
F,0.815,0.055,1.13,2.8255,0.001,0.0005,0.001500000013038516,12.0
M,0.815,0.055,1.13,2.8255,0.001,0.0005,0.001500000013038516,14.0
F,0.075,0.65,1.13,2.8255,0.001,0.0005,0.001500000013038516,14.0
F,0.815,0.055,1.13,2.8255,0.001,0.0005,0.001500000013038516,10.0
F,0.815,0.055,1.13,2.8255,0.001,0.0005,0.001500000013038516,18.0
F,0.075,0.65,1.13,2.8255,0.001,0.0005,0.001500000013038516,10.0
F,0.075,0.65,1.13,2.8255,0.001,0.0005,0.001500000013038516,10.0
F,0.075,0.65,1.13,2.8255,0.001,0.0005,0.001500000013038516,16.0
F,0.075,0.055,1.13,2.8255,0.001,0.0005,0.001500000013038516,12.0
F,0.075,0.65,1.13,2.8255,0.001,0.0005,0.001500000013038516,10.0
F,0.075,0.055,1.13,2.8255,0.001,0.0005,0.001500000013038516,18.0
F,0.815,0.055,1.13,2.8255,0.001,0.0005,0.001500000013038516,10.0
F,0.815,0.055,1.13,2.8255,0.001,0.0005,0.001500000013038516,10.0
F,0.075,0.055,1.13,2.8255,0.001,0.0005,0.001500000013038516,12.0
F,0.815,0.055,1.13,2.8255,0.001,0.0005,0.001500000013038516,12.0
M,0.075,0.65,1.13,2.8255,0.001,0.0005,0.001500000013038516,14.0
F,0.815,0.055,0.0,2.8255,0.001,0.0005,0.001500000013038516,10.0
F,0.075,0.055,1.13,2.8255,0.001,0.0005,0.001500000013038516,12.0
F,0.815,0.055,1.13,2.8255,0.001,0.0005,0.001500000013038516,12.0
F,0.075,0.65,1.13,2.8255,0.001,0.0005,1.0049999952316284,10.0
F,0.075,0.65,1.13,2.8255,0.001,0.0005,0.001500000013038516,5.0
F,0.075,0.65,1.13,2.8255,0.001,0.0005,0.001500000013038516,10.0
F,0.075,0.055,1.13,2.8255,0.001,0.0005,0.001500000013038516,12.0
F,0.075,0.65,1.13,2.8255,0.001,0.0005,0.001500000013038516,10.0
F,0.815,0.055,1.13,2.8255,0.001,0.0005,0.001500000013038516,18.0
F,0.075,0.055,1.13,2.8255,0.001,0.0005,0.001500000013038516,10.0
F,0.075,0.65,1.13,2.8255,0.001,0.0005,0.001500000013038516,10.0
F,0.815,0.055,1.13,2.8255,0.001,0.0005,0.001500000013038516,10.0
F,0.075,0.65,1.13,2.8255,0.001,0.0005,0.001500000013038516,16.0
F,0.075,0.055,1.13,2.8255,0.001,0.0005,0.001500000013038516,14.0
M,0.815,0.055,1.13,2.8255,0.001,0.0005,0.001500000013038516,18.0
F,0.075,0.65,1.13,2.8255,0.001,0.0005,0.001500000013038516,14.0
M,0.815,0.055,1.13,2.8255,0.001,0.0005,0.001500000013038516,18.0
F,0.075,0.65,1.13,2.8255,0.001,0.0005,0.001500000013038516,16.0
F,0.075,0.65,1.13,2.8255,0.001,0.0005,0.001500000013038516,14.0
F,0.815,0.055,1.13,2.8255,0.001,0.0005,0.001500000013038516,12.0
F,0.815,0.055,1.13,2.8255,0.001,0.0005,0.001500000013038516,18.0
M,0.075,0.65,1.13,2.8255,0.001,0.0005,0.001500000013038516,16.0
F,0.075,0.055,1.13,2.8255,0.001,0.0005,0.001500000013038516,10.0
F,0.815,0.055,1.13,2.8255,0.001,0.0005,0.001500000013038516,12.0
F,0.075,0.055,1.13,2.8255,0.001,0.0005,0.001500000013038516,12.0
F,0.075,0.65,1.13,2.8255,0.001,0.0005,1.0049999952316284,10.0
F,0.815,0.055,1.13,2.8255,0.001,0.0005,0.001500000013038516,18.0
F,0.815,0.055,1.13,2.8255,0.001,0.0005,0.001500000013038516,12.0
F,0.075,0.65,1.13,2.8255,0.001,0.0005,0.001500000013038516,16.0
F,0.075,0.65,1.13,2.8255,0.001,0.0005,0.001500000013038516,5.0
F,0.075,0.65,1.13,2.8255,0.001,0.0005,0.001500000013038516,5.0
F,0.815,0.055,1.13,2.8255,0.001,0.0005,0.001500000013038516,12.0
F,0.075,0.055,1.13,2.8255,0.001,0.0005,1.0049999952316284,10.0
F,0.075,0.65,1.13,2.8255,0.001,0.0005,0.001500000013038516,10.0
F,0.815,0.055,1.13,2.8255,0.001,0.0005,0.001500000013038516,12.0
M,0.075,0.65,0.0,2.8255,0.001,0.0005,0.001500000013038516,16.0
F,0.075,0.055,1.13,2.8255,0.001,0.0005,0.001500000013038516,10.0
F,0.075,0.65,1.13,2.8255,0.001,0.0005,0.001500000013038516,16.0
F,0.815,0.055,1.13,2.8255,0.001,0.0005,0.001500000013038516,12.0
F,0.815,0.055,1.13,2.8255,0.001,0.0005,0.001500000013038516,14.0
F,0.815,0.055,1.13,2.8255,0.001,0.0005,0.001500000013038516,12.0
M,0.075,0.65,0.0,2.8255,0.001,0.0005,1.0049999952316284,18.0
F,0.815,0.055,1.13,2.8255,0.001,0.0005,0.001500000013038516,14.0
F,0.075,0.055,1.13,2.8255,0.001,0.0005,0.001500000013038516,16.0
F,0.075,0.65,1.13,2.8255,0.001,0.0005,0.001500000013038516,16.0
F,0.075,0.65,1.13,2.8255,0.001,0.0005,1.0049999952316284,10.0
F,0.075,0.65,1.13,2.8255,0.001,0.0005,0.001500000013038516,16.0
F,0.075,0.65,1.13,2.8255,0.001,0.0005,0.001500000013038516,14.0
F,0.815,0.055,1.13,2.8255,0.001,0.0005,0.001500000013038516,18.0
F,0.815,0.055,1.13,2.8255,0.001,0.0005,0.001500000013038516,12.0
F,0.075,0.65,1.13,2.8255,0.001,0.0005,0.001500000013038516,10.0
F,0.815,0.055,1.13,2.8255,0.001,0.0005,0.001500000013038516,18.0
F,0.815,0.055,1.13,2.8255,0.001,0.0005,0.001500000013038516,10.0
F,0.075,0.65,1.13,2.8255,0.001,0.0005,0.001500000013038516,10.0
F,0.815,0.055,1.13,2.8255,0.001,0.0005,0.001500000013038516,10.0
F,0.815,0.055,1.13,2.8255,0.001,0.0005,0.001500000013038516,12.0
F,0.815,0.055,1.13,2.8255,0.001,0.0005,0.001500000013038516,12.0
F,0.075,0.65,1.13,2.8255,0.001,0.0005,0.001500000013038516,10.0
M,0.815,0.055,1.13,2.8255,0.001,0.0005,0.001500000013038516,16.0
F,0.815,0.055,1.13,2.8255,0.001,0.0005,0.001500000013038516,10.0
F,0.815,0.055,1.13,2.8255,0.001,0.0005,0.001500000013038516,18.0
F,0.075,0.65,1.13,2.8255,0.001,0.0005,0.001500000013038516,16.0
F,0.815,0.055,1.13,2.8255,0.001,0.0005,0.001500000013038516,12.0
F,0.815,0.055,1.13,2.8255,0.001,0.0005,0.001500000013038516,4.0
F,0.075,0.65,1.13,2.8255,0.001,0.0005,0.001500000013038516,10.0
F,0.075,0.65,1.13,2.8255,0.001,0.0005,0.001500000013038516,16.0
F,0.815,0.055,1.13,2.8255,0.001,0.0005,0.001500000013038516,12.0
I,0.815,0.055,0.0,2.8255,0.001,0.0005,1.0049999952316284,16.0
F,0.815,0.055,1.13,2.8255,0.001,0.0005,0.001500000013038516,12.0
M,0.815,0.055,1.13,2.8255,0.001,0.0005,0.001500000013038516,18.0
F,0.075,0.65,1.13,2.8255,0.001,0.0005,0.001500000013038516,10.0
F,0.075,0.65,1.13,2.8255,0.001,0.0005,0.001500000013038516,14.0
F,0.815,0.055,1.13,2.8255,0.001,0.0005,0.001500000013038516,18.0
F,0.815,0.055,1.13,2.8255,0.001,0.0005,0.001500000013038516,12.0
F,0.075,0.055,1.13,2.8255,0.001,0.0005,0.001500000013038516,12.0
F,0.075,0.65,1.13,2.8255,0.001,0.0005,0.001500000013038516,14.0
F,0.815,0.055,1.13,2.8255,0.001,0.0005,0.001500000013038516,10.0
F,0.075,0.055,1.13,2.8255,0.001,0.0005,0.001500000013038516,12.0
F,0.815,0.055,1.13,2.8255,0.001,0.0005,0.001500000013038516,12.0
F,0.815,0.055,1.13,2.8255,0.001,0.0005,0.001500000013038516,12.0
F,0.075,0.65,1.13,2.8255,0.001,0.0005,0.001500000013038516,17.0
F,0.075,0.65,1.13,2.8255,0.001,0.0005,0.001500000013038516,5.0
F,0.075,0.65,1.13,2.8255,0.001,0.0005,0.001500000013038516,10.0
F,0.815,0.055,1.13,2.8255,0.001,0.0005,0.001500000013038516,12.0
F,0.075,0.65,1.13,2.8255,0.001,0.0005,0.001500000013038516,14.0
F,0.815,0.055,1.13,2.8255,0.001,0.0005,0.001500000013038516,14.0
F,0.075,0.055,1.13,2.8255,0.001,0.0005,0.001500000013038516,14.0
F,0.075,0.055,1.13,2.8255,0.001,0.0005,1.0049999952316284,6.0
F,0.075,0.65,1.13,2.8255,0.001,0.0005,0.001500000013038516,10.0
F,0.815,0.055,1.13,2.8255,0.001,0.0005,0.001500000013038516,12.0
F,0.075,0.65,1.13,2.8255,0.001,0.0005,0.001500000013038516,5.0
F,0.815,0.055,1.13,2.8255,0.001,0.0005,0.001500000013038516,18.0
F,0.075,0.65,1.13,2.8255,0.001,0.0005,0.001500000013038516,10.0
F,0.815,0.055,1.13,2.8255,0.001,0.0005,0.001500000013038516,12.0
F,0.075,0.055,1.13,2.8255,0.001,0.0005,0.001500000013038516,12.0
F,0.815,0.055,1.13,2.8255,0.001,0.0005,0.001500000013038516,10.0
F,0.815,0.055,1.13,2.8255,0.001,0.0005,0.001500000013038516,12.0
F,0.075,0.055,1.13,2.8255,0.001,0.0005,0.001500000013038516,10.0
F,0.075,0.65,1.13,2.8255,0.001,0.0005,0.001500000013038516,14.0
F,0.075,0.65,1.13,2.8255,0.001,0.0005,0.001500000013038516,16.0
M,0.075,0.65,1.13,2.8255,0.001,0.0005,0.001500000013038516,16.0
F,0.815,0.055,1.13,2.8255,0.001,0.0005,0.001500000013038516,12.0
F,0.075,0.65,1.13,2.8255,0.001,0.0005,0.001500000013038516,5.0
M,0.075,0.65,1.13,2.8255,0.001,0.0005,0.001500000013038516,16.0
F,0.075,0.65,1.13,2.8255,0.001,0.0005,0.001500000013038516,10.0
F,0.815,0.055,1.13,2.8255,0.001,0.0005,0.001500000013038516,18.0
F,0.075,0.65,1.13,2.8255,0.001,0.0005,0.001500000013038516,10.0
F,0.815,0.055,1.13,2.8255,0.001,0.0005,0.001500000013038516,12.0
F,0.075,0.65,1.13,2.8255,0.001,0.0005,0.001500000013038516,16.0
F,0.075,0.055,1.13,2.8255,0.001,0.0005,0.001500000013038516,10.0
F,0.075,0.055,1.13,2.8255,0.001,0.0005,0.001500000013038516,10.0
F,0.075,0.65,1.13,2.8255,0.001,0.0005,0.001500000013038516,14.0
F,0.075,0.65,1.13,2.8255,0.001,0.0005,1.0049999952316284,6.0
F,0.815,0.055,1.13,2.8255,0.001,0.0005,0.001500000013038516,4.0
F,0.815,0.055,1.13,2.8255,0.001,0.0005,0.001500000013038516,16.0
F,0.075,0.055,1.13,2.8255,0.001,0.0005,0.001500000013038516,14.0
F,0.075,0.65,1.13,2.8255,0.001,0.0005,0.001500000013038516,5.0
F,0.815,0.055,1.13,2.8255,0.001,0.0005,0.001500000013038516,12.0
F,0.815,0.055,1.13,2.8255,0.001,0.0005,0.001500000013038516,12.0
F,0.075,0.65,1.13,2.8255,0.001,0.0005,0.001500000013038516,5.0
F,0.075,0.65,1.13,2.8255,0.001,0.0005,0.001500000013038516,10.0
F,0.075,0.65,1.13,2.8255,0.001,0.0005,0.001500000013038516,10.0
I,0.815,0.055,0.0,2.8255,0.001,0.0005,0.001500000013038516,12.0
F,0.815,0.055,1.13,2.8255,0.001,0.0005,0.001500000013038516,12.0
F,0.075,0.65,1.13,2.8255,0.001,0.0005,0.001500000013038516,10.0
F,0.075,0.65,1.13,2.8255,0.001,0.0005,0.001500000013038516,14.0
F,0.815,0.055,1.13,2.8255,0.001,0.0005,0.001500000013038516,18.0
F,0.075,0.65,1.13,2.8255,0.001,0.0005,0.001500000013038516,14.0
F,0.075,0.65,1.13,2.8255,0.001,0.0005,0.001500000013038516,10.0
I,0.815,0.055,1.13,2.8255,0.001,0.0005,0.001500000013038516,9.0
F,0.815,0.055,1.13,2.8255,0.001,0.0005,0.001500000013038516,10.0
F,0.075,0.65,1.13,2.8255,0.001,0.0005,0.001500000013038516,10.0
F,0.815,0.055,1.13,2.8255,0.001,0.0005,0.001500000013038516,12.0
F,0.815,0.055,1.13,2.8255,0.001,0.0005,0.001500000013038516,12.0
F,0.075,0.65,1.13,2.8255,0.001,0.0005,0.001500000013038516,10.0
F,0.075,0.055,1.13,2.8255,0.001,0.0005,0.001500000013038516,12.0
F,0.815,0.055,1.13,2.8255,0.001,0.0005,0.001500000013038516,12.0
F,0.815,0.055,1.13,2.8255,0.001,0.0005,0.001500000013038516,12.0
F,0.075,0.055,1.13,2.8255,0.001,0.0005,0.001500000013038516,12.0
F,0.075,0.65,1.13,2.8255,0.001,0.0005,0.001500000013038516,16.0
F,0.075,0.65,1.13,2.8255,0.001,0.0005,0.001500000013038516,14.0
F,0.075,0.055,1.13,2.8255,0.001,0.0005,0.001500000013038516,10.0
F,0.075,0.65,1.13,2.8255,0.001,0.0005,0.001500000013038516,16.0
F,0.075,0.65,1.13,2.8255,0.001,0.0005,0.001500000013038516,17.0
M,0.075,0.65,1.13,2.8255,0.001,0.0005,0.001500000013038516,18.0
F,0.815,0.055,1.13,2.8255,0.001,0.0005,0.001500000013038516,12.0
F,0.075,0.65,1.13,2.8255,0.001,0.0005,0.001500000013038516,16.0
F,0.815,0.055,1.13,2.8255,0.001,0.0005,0.001500000013038516,12.0
F,0.075,0.65,1.13,2.8255,0.001,0.0005,0.001500000013038516,16.0
F,0.075,0.055,1.13,2.8255,0.001,0.0005,0.001500000013038516,14.0
F,0.815,0.055,1.13,2.8255,0.001,0.0005,0.001500000013038516,12.0
F,0.075,0.65,1.13,2.8255,0.001,0.0005,0.001500000013038516,10.0
F,0.075,0.65,1.13,2.8255,0.001,0.0005,0.001500000013038516,5.0
F,0.075,0.65,1.13,2.8255,0.001,0.0005,0.001500000013038516,14.0
F,0.815,0.055,1.13,2.8255,0.001,0.0005,0.001500000013038516,12.0
M,0.815,0.055,0.0,2.8255,0.001,0.0005,0.001500000013038516,16.0
F,0.075,0.055,1.13,2.8255,0.001,0.0005,0.001500000013038516,12.0
F,0.815,0.055,1.13,2.8255,0.001,0.0005,0.001500000013038516,10.0
F,0.815,0.055,1.13,2.8255,0.001,0.0005,0.001500000013038516,12.0
F,0.075,0.65,1.13,2.8255,0.001,0.0005,0.001500000013038516,14.0
F,0.075,0.055,1.13,2.8255,0.001,0.0005,0.001500000013038516,10.0
F,0.075,0.65,1.13,2.8255,0.001,0.0005,0.001500000013038516,10.0
F,0.075,0.65,1.13,2.8255,0.001,0.0005,0.001500000013038516,5.0
M,0.815,0.055,1.13,2.8255,0.001,0.0005,0.001500000013038516,5.0
F,0.815,0.055,1.13,2.8255,0.001,0.0005,0.001500000013038516,18.0
F,0.075,0.65,1.13,2.8255,0.001,0.0005,1.0049999952316284,18.0
F,0.075,0.65,1.13,2.8255,0.001,0.0005,0.001500000013038516,16.0
F,0.815,0.055,1.13,2.8255,0.001,0.0005,0.001500000013038516,12.0
I,0.075,0.65,0.0,2.8255,0.001,0.0005,0.001500000013038516,15.0
F,0.075,0.65,0.0,2.8255,0.001,0.0005,0.001500000013038516,16.0
M,0.815,0.055,0.0,2.8255,0.001,0.0005,0.001500000013038516,16.0
F,0.075,0.65,1.13,2.8255,0.001,0.0005,0.001500000013038516,10.0
F,0.075,0.65,0.0,2.8255,0.001,0.0005,1.0049999952316284,6.0
M,0.075,0.65,1.13,2.8255,0.001,0.0005,0.001500000013038516,18.0
F,0.815,0.055,1.13,2.8255,0.001,0.0005,0.001500000013038516,12.0
F,0.075,0.65,1.13,2.8255,0.001,0.0005,0.001500000013038516,16.0
M,0.075,0.65,0.0,2.8255,0.001,0.0005,0.001500000013038516,16.0
F,0.815,0.055,1.13,2.8255,0.001,0.0005,0.001500000013038516,12.0
F,0.075,0.65,1.13,2.8255,0.001,0.0005,1.0049999952316284,10.0
F,0.075,0.65,1.13,2.8255,0.001,0.0005,0.001500000013038516,14.0
F,0.075,0.65,1.13,2.8255,0.001,0.0005,0.001500000013038516,16.0
F,0.815,0.055,1.13,2.8255,0.001,0.0005,0.001500000013038516,12.0
F,0.075,0.65,1.13,2.8255,0.001,0.0005,0.001500000013038516,5.0
M,0.815,0.055,1.13,2.8255,0.001,0.0005,0.001500000013038516,16.0
F,0.815,0.055,1.13,2.8255,0.001,0.0005,0.001500000013038516,12.0
F,0.815,0.055,1.13,2.8255,0.001,0.0005,0.001500000013038516,5.0
F,0.815,0.055,1.13,2.8255,0.001,0.0005,0.001500000013038516,12.0
M,0.075,0.65,1.13,2.8255,0.001,0.0005,0.001500000013038516,18.0
F,0.815,0.055,1.13,2.8255,0.001,0.0005,0.001500000013038516,10.0
F,0.075,0.65,0.0,2.8255,0.001,0.0005,0.001500000013038516,4.0
M,0.815,0.055,1.13,2.8255,0.001,0.0005,0.001500000013038516,18.0
F,0.075,0.055,1.13,2.8255,0.001,0.0005,0.001500000013038516,10.0
F,0.075,0.65,1.13,2.8255,0.001,0.0005,0.001500000013038516,14.0
I,0.075,0.65,0.0,2.8255,0.001,0.0005,1.0049999952316284,18.0
M,0.815,0.055,1.13,2.8255,0.001,0.0005,0.001500000013038516,18.0
M,0.815,0.055,0.0,2.8255,0.001,0.0005,0.001500000013038516,15.0
M,0.075,0.65,1.13,2.8255,0.001,0.0005,0.001500000013038516,18.0
F,0.815,0.055,1.13,2.8255,0.001,0.0005,0.001500000013038516,16.0
F,0.075,0.65,1.13,2.8255,0.001,0.0005,0.001500000013038516,10.0
F,0.815,0.055,1.13,2.8255,0.001,0.0005,0.001500000013038516,5.0
F,0.075,0.65,1.13,2.8255,0.001,0.0005,0.001500000013038516,12.0
F,0.075,0.65,1.13,2.8255,0.001,0.0005,0.001500000013038516,16.0
F,0.815,0.055,1.13,2.8255,0.001,0.0005,0.001500000013038516,14.0
F,0.815,0.055,1.13,2.8255,0.001,0.0005,0.001500000013038516,14.0
F,0.815,0.055,1.13,2.8255,0.001,0.0005,0.001500000013038516,12.0
M,0.075,0.65,1.13,2.8255,0.001,0.0005,0.001500000013038516,16.0
F,0.075,0.65,1.13,2.8255,0.001,0.0005,0.001500000013038516,10.0
F,0.815,0.055,1.13,2.8255,0.001,0.0005,0.001500000013038516,12.0
F,0.075,0.65,1.13,2.8255,0.001,0.0005,0.001500000013038516,14.0
F,0.815,0.055,1.13,2.8255,0.001,0.0005,0.001500000013038516,12.0
F,0.075,0.055,1.13,2.8255,0.001,0.0005,0.001500000013038516,10.0
M,0.815,0.055,1.13,2.8255,0.001,0.0005,0.001500000013038516,14.0
F,0.075,0.65,1.13,2.8255,0.001,0.0005,0.001500000013038516,14.0
F,0.075,0.65,1.13,2.8255,0.001,0.0005,0.001500000013038516,14.0
F,0.075,0.055,1.13,2.8255,0.001,0.0005,1.0049999952316284,6.0
F,0.075,0.65,1.13,2.8255,0.001,0.0005,0.001500000013038516,10.0
F,0.075,0.055,1.13,2.8255,0.001,0.0005,0.001500000013038516,12.0
F,0.075,0.65,1.13,2.8255,0.001,0.0005,0.001500000013038516,14.0
M,0.075,0.65,1.13,2.8255,0.001,0.0005,0.001500000013038516,16.0
F,0.815,0.055,1.13,2.8255,0.001,0.0005,0.001500000013038516,12.0
F,0.075,0.65,1.13,2.8255,0.001,0.0005,0.001500000013038516,16.0
F,0.075,0.65,0.0,2.8255,0.001,0.0005,1.0049999952316284,6.0
F,0.815,0.055,1.13,2.8255,0.001,0.0005,0.001500000013038516,10.0
F,0.075,0.65,1.13,2.8255,0.001,0.0005,1.0049999952316284,18.0
I,0.815,0.055,0.0,2.8255,0.001,0.0005,0.001500000013038516,10.0
F,0.075,0.055,1.13,2.8255,0.001,0.0005,0.001500000013038516,12.0
M,0.075,0.65,0.0,2.8255,0.001,0.0005,0.001500000013038516,16.0
F,0.815,0.055,1.13,2.8255,0.001,0.0005,0.001500000013038516,12.0
F,0.815,0.055,1.13,2.8255,0.001,0.0005,0.001500000013038516,12.0
F,0.075,0.65,1.13,2.8255,0.001,0.0005,1.0049999952316284,6.0
F,0.075,0.055,1.13,2.8255,0.001,0.0005,0.001500000013038516,10.0
F,0.075,0.055,1.13,2.8255,0.001,0.0005,0.001500000013038516,10.0
F,0.815,0.055,1.13,2.8255,0.001,0.0005,0.001500000013038516,12.0
F,0.075,0.65,1.13,2.8255,0.001,0.0005,0.001500000013038516,14.0
F,0.075,0.65,1.13,2.8255,0.001,0.0005,0.001500000013038516,10.0
F,0.815,0.055,1.13,2.8255,0.001,0.0005,0.001500000013038516,12.0
F,0.815,0.055,1.13,2.8255,0.001,0.0005,0.001500000013038516,12.0
F,0.075,0.65,1.13,2.8255,0.001,0.0005,0.001500000013038516,5.0
F,0.075,0.65,1.13,2.8255,0.001,0.0005,0.001500000013038516,10.0
F,0.815,0.055,1.13,2.8255,0.001,0.0005,0.001500000013038516,18.0
F,0.075,0.65,0.0,2.8255,0.001,0.0005,0.001500000013038516,5.0
F,0.815,0.055,1.13,2.8255,0.001,0.0005,0.001500000013038516,12.0
F,0.815,0.055,1.13,2.8255,0.001,0.0005,0.001500000013038516,10.0
F,0.815,0.055,1.13,2.8255,0.001,0.0005,0.001500000013038516,12.0
F,0.075,0.055,1.13,2.8255,0.001,0.0005,0.001500000013038516,12.0
F,0.075,0.65,1.13,2.8255,0.001,0.0005,0.001500000013038516,16.0
F,0.075,0.65,0.0,2.8255,0.001,0.0005,0.001500000013038516,5.0
I,0.815,0.055,0.0,2.8255,0.001,0.0005,1.0049999952316284,7.0
F,0.075,0.65,1.13,2.8255,0.001,0.0005,1.0049999952316284,6.0
F,0.815,0.055,1.13,2.8255,0.001,0.0005,0.001500000013038516,12.0
F,0.815,0.055,1.13,2.8255,0.001,0.0005,0.001500000013038516,12.0
F,0.075,0.65,1.13,2.8255,0.001,0.0005,0.001500000013038516,16.0
F,0.075,0.65,1.13,2.8255,0.001,0.0005,0.001500000013038516,10.0
F,0.075,0.65,1.13,2.8255,0.001,0.0005,0.001500000013038516,10.0
M,0.815,0.41,0.0,2.8255,0.001,0.0005,0.001500000013038516,16.0
M,0.075,0.65,1.13,2.8255,0.001,0.0005,0.001500000013038516,16.0
F,0.815,0.055,1.13,2.8255,0.001,0.0005,0.001500000013038516,5.0
F,0.815,0.055,1.13,2.8255,0.001,0.0005,0.001500000013038516,10.0
F,0.28109983,0.055,1.13,2.8255,0.001,0.0005,0.001500000013038516,10.0
F,0.075,0.65,1.13,2.8255,0.001,0.0005,0.001500000013038516,14.0
F,0.815,0.055,1.13,2.8255,0.001,0.0005,0.001500000013038516,12.0
M,0.815,0.055,0.0,2.8255,0.001,0.0005,0.001500000013038516,16.0
F,0.815,0.055,1.13,2.8255,0.001,0.0005,0.001500000013038516,12.0
M,0.075,0.055,1.13,2.8255,0.001,0.0005,0.001500000013038516,14.0
M,0.075,0.65,0.0,2.8255,0.001,0.0005,0.001500000013038516,18.0
F,0.075,0.055,1.13,2.8255,0.001,0.0005,0.001500000013038516,12.0
F,0.075,0.65,0.0,2.8255,0.001,0.0005,0.001500000013038516,5.0
F,0.075,0.65,1.13,2.8255,0.001,0.0005,0.001500000013038516,16.0
F,0.075,0.65,1.13,2.8255,0.001,0.0005,0.001500000013038516,5.0
F,0.815,0.055,1.13,2.8255,0.001,0.0005,0.001500000013038516,18.0
F,0.075,0.055,1.13,2.8255,0.001,0.0005,0.001500000013038516,14.0
F,0.075,0.13248709,1.13,2.8255,0.001,0.0005,0.001500000013038516,10.0
F,0.075,0.65,1.13,2.8255,0.001,0.0005,0.001500000013038516,16.0
M,0.815,0.055,1.13,2.8255,0.001,0.0005,0.001500000013038516,18.0
M,0.075,0.65,0.0,2.8255,0.001,0.0005,0.001500000013038516,18.0
I,0.815,0.055,0.0,2.8255,0.001,0.0005,0.001500000013038516,29.0
F,0.075,0.055,1.13,2.8255,0.001,0.0005,0.001500000013038516,10.0
F,0.815,0.055,1.13,2.8255,0.001,0.0005,0.001500000013038516,10.0
F,0.815,0.055,1.13,2.8255,0.001,0.0005,0.001500000013038516,12.0
M,0.075,0.65,1.13,2.8255,0.001,0.0005,0.001500000013038516,16.0
F,0.815,0.055,1.13,2.8255,0.001,0.0005,0.001500000013038516,12.0
F,0.075,0.055,1.13,2.8255,0.001,0.0005,0.001500000013038516,12.0
F,0.075,0.65,1.13,2.8255,0.001,0.0005,0.001500000013038516,10.0
F,0.075,0.65,1.13,2.8255,0.001,0.0005,0.001500000013038516,10.0
F,0.075,0.067386925,1.13,2.8255,0.001,0.0005,1.0049999952316284,10.0
F,0.815,0.055,1.13,2.8255,0.001,0.0005,0.001500000013038516,18.0
F,0.815,0.055,1.13,2.8255,0.001,0.0005,0.001500000013038516,12.0
F,0.075,0.65,1.13,2.8255,0.001,0.0005,0.001500000013038516,5.0
F,0.075,0.055,1.13,2.8255,0.001,0.0005,0.001500000013038516,10.0
F,0.075,0.65,1.13,2.8255,0.001,0.0005,0.001500000013038516,13.0
F,0.075,0.65,1.13,2.8255,0.001,0.0005,0.001500000013038516,10.0
F,0.815,0.055,1.13,2.8255,0.001,0.0005,0.001500000013038516,12.0
F,0.075,0.65,1.13,2.8255,0.001,0.0005,0.001500000013038516,5.0
F,0.075,0.65,1.13,2.8255,0.001,0.0005,0.001500000013038516,10.0
F,0.075,0.055,1.13,2.8255,0.001,0.0005,0.001500000013038516,12.0
F,0.075,0.65,1.13,2.8255,0.001,0.0005,0.001500000013038516,17.0
F,0.075,0.055,1.13,2.8255,0.001,0.0005,0.001500000013038516,10.0
M,0.075,0.65,1.13,2.8255,0.001,0.0005,0.001500000013038516,16.0
F,0.815,0.055,1.13,2.8255,0.001,0.0005,0.001500000013038516,12.0
F,0.075,0.055,1.13,2.8255,0.001,0.0005,0.001500000013038516,14.0
F,0.075,0.65,1.13,2.8255,0.001,0.0005,0.001500000013038516,10.0
F,0.815,0.055,1.13,2.8255,0.001,0.0005,0.001500000013038516,14.0
F,0.815,0.055,1.13,2.8255,0.001,0.0005,1.0049999952316284,6.0
F,0.075,0.65,1.13,2.8255,0.001,0.0005,1.0049999952316284,10.0
F,0.815,0.055,1.13,2.8255,0.001,0.0005,0.001500000013038516,12.0
F,0.075,0.055,1.13,2.8255,0.001,0.0005,0.001500000013038516,16.0
F,0.075,0.65,1.13,2.8255,0.001,0.0005,1.0049999952316284,10.0
I,0.815,0.055,1.13,2.8255,0.001,0.0005,0.001500000013038516,18.0
F,0.815,0.055,1.13,2.8255,0.001,0.0005,0.001500000013038516,12.0
F,0.075,0.65,1.13,2.8255,0.001,0.0005,0.001500000013038516,16.0
F,0.075,0.65,1.13,2.8255,0.001,0.0005,0.001500000013038516,16.0
F,0.075,0.65,1.13,2.8255,0.001,0.0005,1.0049999952316284,5.0
I,0.815,0.055,1.13,2.8255,0.001,0.0005,1.0049999952316284,9.0
F,0.075,0.65,1.13,2.8255,0.001,0.0005,0.001500000013038516,16.0
F,0.075,0.055,1.13,2.8255,0.001,0.0005,0.001500000013038516,16.0
F,0.815,0.055,1.13,2.8255,0.001,0.0005,1.0049999952316284,13.0
F,0.075,0.65,1.13,2.8255,0.001,0.0005,0.001500000013038516,5.0
M,0.815,0.055,1.13,2.8255,0.001,0.0005,0.001500000013038516,18.0
F,0.075,0.65,1.13,2.8255,0.001,0.0005,0.001500000013038516,10.0
I,0.815,0.055,1.13,2.8255,0.001,0.0005,0.001500000013038516,9.0
F,0.075,0.65,1.13,2.8255,0.001,0.0005,1.0049999952316284,10.0
F,0.075,0.65,1.13,2.8255,0.001,0.0005,0.001500000013038516,16.0
M,0.815,0.055,0.0,2.8255,0.001,0.0005,0.001500000013038516,5.0
F,0.815,0.055,1.13,2.8255,0.001,0.0005,0.001500000013038516,12.0
F,0.075,0.65,1.13,2.8255,0.001,0.0005,0.001500000013038516,14.0
F,0.075,0.65,1.13,2.8255,0.001,0.0005,0.001500000013038516,10.0
F,0.075,0.65,1.13,2.8255,0.001,0.0005,0.001500000013038516,5.0
F,0.075,0.65,1.13,2.8255,0.001,0.0005,1.0049999952316284,10.0
F,0.075,0.65,1.13,2.8255,0.001,0.0005,0.001500000013038516,18.0
F,0.075,0.055,1.13,2.8255,0.001,0.0005,0.001500000013038516,14.0
I,0.815,0.055,0.0,2.8255,0.001,0.0005,0.001500000013038516,14.0
F,0.075,0.65,1.13,2.8255,0.001,0.0005,0.001500000013038516,16.0
F,0.815,0.055,1.13,2.8255,0.001,0.0005,0.001500000013038516,18.0
F,0.075,0.65,1.13,2.8255,0.001,0.0005,1.0049999952316284,10.0
I,0.075,0.65,0.0,2.8255,0.001,0.0005,1.0049999952316284,12.0
M,0.075,0.65,1.13,2.8255,0.001,0.0005,0.001500000013038516,16.0
F,0.815,0.055,1.13,2.8255,0.001,0.0005,0.001500000013038516,10.0
F,0.075,0.65,1.13,2.8255,0.001,0.0005,0.001500000013038516,10.0
F,0.815,0.055,1.13,2.8255,0.001,0.0005,0.001500000013038516,10.0
F,0.075,0.65,1.13,2.8255,0.001,0.0005,0.001500000013038516,16.0
F,0.075,0.65,1.13,2.8255,0.001,0.0005,0.001500000013038516,5.0
F,0.075,0.65,1.13,2.8255,0.001,0.0005,0.001500000013038516,14.0
M,0.075,0.65,1.13,2.8255,0.001,0.0005,0.001500000013038516,16.0
F,0.075,0.055,1.13,2.8255,0.001,0.0005,0.001500000013038516,14.0
F,0.815,0.055,1.13,2.8255,0.001,0.0005,0.001500000013038516,12.0
M,0.815,0.055,1.13,2.8255,0.001,0.0005,0.001500000013038516,14.0
F,0.815,0.055,1.13,2.8255,0.001,0.0005,0.001500000013038516,12.0
F,0.075,0.65,1.13,2.8255,0.001,0.0005,1.0049999952316284,6.0
M,0.815,0.055,1.13,2.8255,0.001,0.0005,0.001500000013038516,18.0
F,0.815,0.055,1.13,2.8255,0.001,0.0005,0.001500000013038516,12.0
F,0.815,0.055,1.13,2.8255,0.001,0.0005,0.001500000013038516,10.0
F,0.075,0.055,1.13,2.8255,0.001,0.0005,0.001500000013038516,14.0
F,0.815,0.055,1.13,2.8255,0.001,0.0005,0.001500000013038516,12.0
F,0.075,0.65,0.0,2.8255,0.001,0.0005,0.001500000013038516,5.0
F,0.075,0.055,1.13,2.8255,0.001,0.0005,0.001500000013038516,10.0
F,0.075,0.65,1.13,2.8255,0.001,0.0005,0.001500000013038516,18.0
F,0.075,0.65,1.13,2.8255,0.001,0.0005,0.001500000013038516,10.0
F,0.815,0.055,1.13,2.8255,0.001,0.0005,0.001500000013038516,5.0
F,0.815,0.055,1.13,2.8255,0.001,0.0005,0.001500000013038516,12.0
F,0.815,0.055,1.13,2.8255,0.001,0.0005,0.001500000013038516,10.0
F,0.815,0.055,1.13,2.8255,0.001,0.0005,0.001500000013038516,14.0
M,0.075,0.055,1.13,2.8255,0.001,0.0005,0.001500000013038516,16.0
F,0.075,0.65,1.13,2.8255,0.001,0.0005,0.001500000013038516,10.0
F,0.815,0.055,1.13,2.8255,0.001,0.0005,0.001500000013038516,12.0
F,0.815,0.055,1.13,2.8255,0.001,0.0005,0.001500000013038516,18.0
F,0.075,0.65,1.13,2.8255,0.001,0.0005,0.001500000013038516,16.0
F,0.075,0.65,1.13,2.8255,0.001,0.0005,0.001500000013038516,10.0
F,0.815,0.055,1.13,2.8255,0.001,0.0005,0.001500000013038516,12.0
F,0.815,0.055,1.13,2.8255,0.001,0.0005,0.001500000013038516,12.0
F,0.815,0.055,1.13,2.8255,0.001,0.0005,0.001500000013038516,17.0
M,0.075,0.65,1.13,2.8255,0.001,0.0005,0.001500000013038516,16.0
M,0.075,0.65,1.13,2.8255,0.001,0.0005,0.001500000013038516,16.0
F,0.075,0.65,1.13,2.8255,0.001,0.0005,0.001500000013038516,10.0
F,0.075,0.65,1.13,2.8255,0.001,0.0005,1.0049999952316284,10.0
F,0.815,0.055,1.13,2.8255,0.001,0.0005,0.001500000013038516,12.0
F,0.815,0.055,1.13,2.8255,0.001,0.0005,0.001500000013038516,12.0
M,0.075,0.055,1.13,2.8255,0.001,0.0005,0.001500000013038516,18.0
F,0.815,0.055,1.13,2.8255,0.001,0.0005,0.001500000013038516,12.0
F,0.075,0.65,1.13,2.8255,0.001,0.0005,0.001500000013038516,10.0
F,0.815,0.055,1.13,2.8255,0.001,0.0005,0.001500000013038516,16.0
F,0.075,0.65,1.13,2.8255,0.001,0.0005,1.0049999952316284,10.0
F,0.815,0.055,1.13,2.8255,0.001,0.0005,0.001500000013038516,12.0
F,0.075,0.65,1.13,2.8255,0.001,0.0005,0.001500000013038516,14.0
F,0.815,0.055,1.13,2.8255,0.001,0.0005,0.001500000013038516,12.0
M,0.075,0.65,1.13,2.8255,0.001,0.0005,0.001500000013038516,16.0
F,0.815,0.055,1.13,2.8255,0.001,0.0005,0.001500000013038516,8.0
M,0.075,0.055,0.0,2.8255,0.001,0.0005,0.001500000013038516,16.0
F,0.815,0.055,1.13,2.8255,0.001,0.0005,0.001500000013038516,12.0
F,0.075,0.055,1.13,2.8255,0.001,0.0005,0.001500000013038516,14.0
M,0.075,0.055,1.13,2.8255,0.001,0.0005,0.001500000013038516,14.0
F,0.075,0.65,1.13,2.8255,0.001,0.0005,0.001500000013038516,14.0
M,0.815,0.055,0.0,2.8255,0.001,0.0005,0.001500000013038516,16.0
F,0.075,0.055,1.13,2.8255,0.001,0.0005,0.001500000013038516,12.0
F,0.075,0.65,1.13,2.8255,0.001,0.0005,0.001500000013038516,5.0
M,0.075,0.65,1.13,2.8255,0.001,0.0005,0.001500000013038516,16.0
F,0.815,0.055,1.13,2.8255,0.001,0.0005,0.001500000013038516,12.0
F,0.075,0.65,1.13,2.8255,0.001,0.0005,0.001500000013038516,17.0
F,0.075,0.65,1.13,2.8255,0.001,0.0005,0.001500000013038516,14.0
F,0.815,0.055,1.13,2.8255,0.001,0.0005,0.001500000013038516,10.0
M,0.815,0.055,1.13,2.8255,0.001,0.0005,0.001500000013038516,18.0
F,0.075,0.055,1.13,2.8255,0.001,0.0005,0.001500000013038516,10.0
M,0.075,0.65,1.13,2.8255,0.001,0.0005,0.001500000013038516,16.0
F,0.075,0.055,1.13,2.8255,0.001,0.0005,0.001500000013038516,10.0
M,0.075,0.055,1.13,2.8255,0.001,0.0005,0.001500000013038516,16.0
F,0.815,0.055,1.13,2.8255,0.001,0.0005,0.001500000013038516,12.0
F,0.075,0.055,1.13,2.8255,0.001,0.0005,0.001500000013038516,12.0
F,0.815,0.055,0.0,2.8255,0.001,0.0005,0.001500000013038516,12.0
F,0.815,0.055,1.13,2.8255,0.001,0.0005,0.001500000013038516,12.0
F,0.815,0.055,1.13,2.8255,0.001,0.0005,0.001500000013038516,12.0
F,0.075,0.65,1.13,2.8255,0.001,0.0005,0.001500000013038516,12.0
F,0.075,0.65,1.13,2.8255,0.001,0.0005,0.001500000013038516,10.0
F,0.075,0.65,1.13,2.8255,0.001,0.0005,0.001500000013038516,10.0
F,0.075,0.65,1.13,2.8255,0.001,0.0005,0.001500000013038516,5.0
F,0.075,0.65,1.13,2.8255,0.001,0.0005,0.001500000013038516,14.0
F,0.815,0.055,1.13,2.8255,0.001,0.0005,0.001500000013038516,12.0
F,0.075,0.65,1.13,2.8255,0.001,0.0005,0.001500000013038516,10.0
F,0.075,0.055,1.13,2.8255,0.001,0.0005,1.0049999952316284,10.0
M,0.075,0.65,1.13,2.8255,0.001,0.0005,0.001500000013038516,16.0
M,0.815,0.055,1.13,2.8255,0.001,0.0005,0.001500000013038516,18.0
F,0.075,0.65,1.13,2.8255,0.001,0.0005,0.001500000013038516,16.0
F,0.075,0.055,1.13,2.8255,0.001,0.0005,0.001500000013038516,14.0
F,0.815,0.055,1.13,2.8255,0.001,0.0005,0.001500000013038516,10.0
F,0.815,0.055,1.13,2.8255,0.001,0.0005,0.001500000013038516,18.0
M,0.075,0.65,1.13,2.8255,0.001,0.0005,0.001500000013038516,16.0
F,0.075,0.65,1.13,2.8255,0.001,0.0005,0.001500000013038516,10.0
F,0.815,0.055,1.13,2.8255,0.001,0.0005,0.001500000013038516,14.0
F,0.075,0.65,1.13,2.8255,0.001,0.0005,0.001500000013038516,10.0
F,0.815,0.055,1.13,2.8255,0.001,0.0005,0.001500000013038516,5.0
F,0.815,0.055,1.13,2.8255,0.001,0.0005,0.001500000013038516,10.0
M,0.815,0.055,1.13,2.8255,0.001,0.0005,0.001500000013038516,18.0
F,0.075,0.65,1.13,2.8255,0.001,0.0005,0.001500000013038516,16.0
F,0.815,0.055,1.13,2.8255,0.001,0.0005,0.001500000013038516,12.0
F,0.075,0.055,1.13,2.8255,0.001,0.0005,0.001500000013038516,10.0
M,0.815,0.055,1.13,2.8255,0.001,0.0005,0.001500000013038516,18.0
I,0.815,0.055,0.0,2.8255,0.001,0.0005,0.001500000013038516,18.0
F,0.815,0.055,1.13,2.8255,0.001,0.0005,1.0049999952316284,6.0
F,0.815,0.055,1.13,2.8255,0.001,0.0005,0.001500000013038516,12.0
F,0.815,0.055,1.13,2.8255,0.001,0.0005,0.001500000013038516,12.0
F,0.815,0.055,1.13,2.8255,0.001,0.0005,0.001500000013038516,12.0
F,0.815,0.055,1.13,2.8255,0.001,0.0005,0.001500000013038516,18.0
F,0.075,0.65,1.13,2.8255,0.001,0.0005,0.001500000013038516,10.0
F,0.075,0.055,1.13,2.8255,0.001,0.0005,0.001500000013038516,12.0
F,0.075,0.65,1.13,2.8255,0.001,0.0005,0.001500000013038516,16.0
F,0.075,0.055,1.13,2.8255,0.001,0.0005,0.001500000013038516,10.0
F,0.815,0.055,1.13,2.8255,0.001,0.0005,0.001500000013038516,12.0
M,0.815,0.055,0.0,2.8255,0.001,0.0005,0.001500000013038516,14.0
F,0.075,0.65,1.13,2.8255,0.001,0.0005,0.001500000013038516,17.0
F,0.075,0.65,1.13,2.8255,0.001,0.0005,0.001500000013038516,14.0
M,0.075,0.65,1.13,2.8255,0.001,0.0005,0.001500000013038516,16.0
F,0.075,0.055,1.13,2.8255,0.001,0.0005,1.0049999952316284,11.0
F,0.075,0.65,1.13,2.8255,0.001,0.0005,0.001500000013038516,16.0
F,0.815,0.055,1.13,2.8255,0.001,0.0005,0.001500000013038516,12.0
F,0.075,0.055,1.13,2.8255,0.001,0.0005,0.001500000013038516,10.0
M,0.815,0.055,1.13,2.8255,0.001,0.0005,0.001500000013038516,14.0
F,0.815,0.055,1.13,2.8255,0.001,0.0005,0.001500000013038516,12.0
F,0.815,0.055,1.13,2.8255,0.001,0.0005,0.001500000013038516,18.0
F,0.075,0.65,1.13,2.8255,0.001,0.0005,0.001500000013038516,10.0
F,0.075,0.65,1.13,2.8255,0.001,0.0005,0.001500000013038516,5.0
F,0.815,0.055,1.13,2.8255,0.001,0.0005,0.001500000013038516,12.0
M,0.075,0.65,1.13,2.8255,0.001,0.0005,0.001500000013038516,16.0
M,0.815,0.055,0.0,2.8255,0.001,0.0005,0.001500000013038516,18.0
F,0.815,0.055,1.13,2.8255,0.001,0.0005,0.001500000013038516,14.0
F,0.075,0.65,1.13,2.8255,0.001,0.0005,0.001500000013038516,10.0
M,0.815,0.055,0.18,2.8255,0.001,0.0005,0.001500000013038516,16.0
F,0.075,0.65,1.13,2.8255,0.001,0.0005,0.001500000013038516,10.0
M,0.815,0.055,1.13,2.8255,0.001,0.0005,0.001500000013038516,14.0
F,0.075,0.65,1.13,2.8255,0.001,0.0005,0.001500000013038516,5.0
F,0.075,0.65,1.13,2.8255,0.001,0.0005,0.001500000013038516,10.0
F,0.075,0.65,1.13,2.8255,0.001,0.0005,0.001500000013038516,10.0
F,0.075,0.65,1.13,2.8255,0.001,0.0005,1.0049999952316284,10.0
I,0.815,0.055,1.13,2.8255,0.001,0.0005,1.0049999952316284,7.0
M,0.815,0.055,1.13,2.8255,0.001,0.0005,0.001500000013038516,14.0
F,0.075,0.65,1.13,2.8255,0.001,0.0005,0.001500000013038516,16.0
I,0.815,0.055,1.13,2.8255,0.001,0.0005,1.0049999952316284,6.0
M,0.075,0.65,0.0,2.8255,0.001,0.0005,0.001500000013038516,16.0
F,0.815,0.055,1.13,2.8255,0.001,0.0005,0.001500000013038516,12.0
F,0.815,0.055,1.13,2.8255,0.001,0.0005,0.001500000013038516,12.0
F,0.075,0.65,1.13,2.8255,0.001,0.0005,0.001500000013038516,14.0
F,0.815,0.055,1.13,2.8255,0.001,0.0005,0.001500000013038516,12.0
F,0.075,0.055,1.13,2.8255,0.001,0.0005,0.001500000013038516,18.0
F,0.075,0.65,1.13,2.8255,0.001,0.0005,0.001500000013038516,16.0
F,0.075,0.65,1.13,2.8255,0.001,0.0005,0.001500000013038516,16.0
F,0.075,0.055,1.13,2.8255,0.001,0.0005,0.001500000013038516,10.0
F,0.075,0.65,1.13,2.8255,0.001,0.0005,0.001500000013038516,10.0
F,0.815,0.055,1.13,2.8255,0.001,0.0005,0.001500000013038516,12.0
F,0.075,0.65,1.13,2.8255,0.001,0.0005,1.0049999952316284,6.0
F,0.075,0.65,1.13,2.8255,0.001,0.0005,0.001500000013038516,17.0
M,0.075,0.65,1.13,2.8255,0.001,0.0005,0.001500000013038516,5.0
F,0.815,0.055,1.13,2.8255,0.001,0.0005,0.001500000013038516,5.0
F,0.815,0.055,1.13,2.8255,0.001,0.0005,0.001500000013038516,12.0
M,0.075,0.65,1.13,2.8255,0.001,0.0005,0.001500000013038516,16.0
F,0.075,0.65,1.13,2.8255,0.001,0.0005,0.001500000013038516,5.0
F,0.815,0.055,1.13,2.8255,0.001,0.0005,0.001500000013038516,12.0
F,0.075,0.65,1.13,2.8255,0.001,0.0005,0.001500000013038516,10.0
I,0.815,0.055,0.0,2.8255,0.001,0.0005,0.001500000013038516,5.0
F,0.075,0.65,1.13,2.8255,0.001,0.0005,0.001500000013038516,10.0
F,0.075,0.055,1.13,2.8255,0.001,0.0005,0.001500000013038516,10.0
F,0.815,0.055,1.13,2.8255,0.001,0.0005,0.001500000013038516,12.0
F,0.815,0.055,1.13,2.8255,0.001,0.0005,0.001500000013038516,16.0
M,0.815,0.055,1.13,2.8255,0.001,0.0005,0.001500000013038516,18.0
F,0.815,0.055,1.13,2.8255,0.001,0.0005,0.001500000013038516,18.0
I,0.075,0.055,1.13,2.8255,0.001,0.0005,1.0049999952316284,18.0
F,0.075,0.65,1.13,2.8255,0.001,0.0005,0.001500000013038516,16.0
F,0.815,0.055,1.13,2.8255,0.001,0.0005,0.001500000013038516,12.0
F,0.075,0.65,1.0451359,2.8255,0.001,0.0005,0.001500000013038516,5.0
F,0.075,0.055,1.13,2.8255,0.001,0.0005,0.001500000013038516,16.0
F,0.075,0.65,1.13,2.8255,0.001,0.0005,0.001500000013038516,10.0
I,0.815,0.055,1.13,2.8255,0.001,0.0005,0.001500000013038516,9.0
F,0.815,0.055,1.13,2.8255,0.001,0.0005,0.001500000013038516,10.0
F,0.075,0.055,1.13,2.8255,0.001,0.0005,0.001500000013038516,10.0
F,0.815,0.055,1.13,2.8255,0.001,0.0005,0.001500000013038516,10.0
F,0.075,0.055,1.13,2.8255,0.001,0.0005,0.001500000013038516,12.0
M,0.075,0.65,1.13,2.8255,0.001,0.0005,0.001500000013038516,16.0
F,0.815,0.055,1.13,2.8255,0.001,0.0005,1.0049999952316284,6.0
F,0.815,0.055,1.13,2.8255,0.001,0.0005,0.001500000013038516,12.0
M,0.075,0.65,0.0,2.8255,0.001,0.0005,0.001500000013038516,16.0
F,0.815,0.055,1.13,2.8255,0.001,0.0005,0.001500000013038516,12.0
F,0.075,0.65,1.13,2.8255,0.001,0.0005,0.001500000013038516,10.0
F,0.075,0.65,1.13,2.8255,0.001,0.0005,0.001500000013038516,10.0
F,0.075,0.055,1.13,2.8255,0.001,0.0005,0.001500000013038516,14.0
F,0.075,0.65,1.13,2.8255,0.001,0.0005,0.001500000013038516,10.0
M,0.075,0.65,1.13,2.8255,0.001,0.0005,0.001500000013038516,16.0
F,0.075,0.055,1.13,2.8255,0.001,0.0005,0.001500000013038516,18.0
F,0.815,0.055,1.13,2.8255,0.001,0.0005,0.001500000013038516,12.0
F,0.075,0.65,1.13,2.8255,0.001,0.0005,0.001500000013038516,10.0
F,0.815,0.055,1.13,2.8255,0.001,0.0005,1.0049999952316284,6.0
F,0.815,0.055,1.13,2.8255,0.001,0.0005,0.001500000013038516,12.0
F,0.075,0.65,1.13,2.8255,0.001,0.0005,0.001500000013038516,10.0
F,0.075,0.65,1.13,2.8255,0.001,0.0005,0.001500000013038516,10.0
F,0.075,0.65,1.13,2.8255,0.001,0.0005,0.001500000013038516,10.0
F,0.815,0.055,1.13,2.8255,0.001,0.0005,0.001500000013038516,12.0
M,0.075,0.65,0.0,2.8255,0.001,0.0005,0.001500000013038516,16.0
M,0.815,0.055,0.0,2.8255,0.001,0.0005,0.001500000013038516,14.0
F,0.075,0.055,1.13,2.8255,0.001,0.0005,0.001500000013038516,12.0
F,0.815,0.055,1.13,2.8255,0.001,0.0005,0.001500000013038516,12.0
F,0.075,0.65,1.13,2.8255,0.001,0.0005,0.001500000013038516,16.0
F,0.815,0.055,1.13,2.8255,0.001,0.0005,0.001500000013038516,12.0
M,0.075,0.65,0.0,2.8255,0.001,0.0005,0.001500000013038516,15.0
M,0.075,0.65,0.0,2.8255,0.001,0.0005,0.001500000013038516,4.0
F,0.815,0.055,1.13,2.8255,0.001,0.0005,0.001500000013038516,12.0
F,0.075,0.65,1.13,2.8255,0.001,0.0005,0.001500000013038516,5.0
F,0.075,0.65,1.13,2.8255,0.001,0.0005,0.001500000013038516,14.0
F,0.075,0.65,1.13,2.8255,0.001,0.0005,0.001500000013038516,16.0
F,0.075,0.055,1.13,2.8255,0.001,0.0005,0.001500000013038516,10.0
M,0.075,0.65,0.0,2.8255,0.001,0.0005,0.001500000013038516,5.0
F,0.075,0.65,0.025394408,2.8255,0.001,0.0005,0.001500000013038516,16.0
F,0.815,0.055,1.13,2.8255,0.001,0.0005,0.001500000013038516,12.0
F,0.075,0.65,1.13,2.8255,0.001,0.0005,0.001500000013038516,18.0
F,0.815,0.055,1.13,2.8255,0.001,0.0005,0.001500000013038516,12.0
F,0.075,0.65,1.13,2.8255,0.001,0.0005,0.001500000013038516,10.0
F,0.815,0.055,1.13,2.8255,0.001,0.0005,0.001500000013038516,10.0
I,0.075,0.65,1.13,2.8255,0.001,0.0005,0.001500000013038516,18.0
I,0.815,0.055,1.13,2.8255,0.001,0.0005,0.001500000013038516,10.0
F,0.075,0.055,1.13,2.8255,0.001,0.0005,0.001500000013038516,16.0
F,0.075,0.65,1.13,2.8255,0.001,0.0005,1.0049999952316284,6.0
F,0.075,0.65,1.13,2.8255,0.001,0.0005,0.001500000013038516,10.0
F,0.815,0.055,1.13,2.8255,0.001,0.0005,0.001500000013038516,12.0
F,0.075,0.055,1.13,2.8255,0.001,0.0005,1.0049999952316284,10.0
F,0.815,0.055,1.13,2.8255,0.001,0.0005,0.001500000013038516,12.0
F,0.075,0.65,1.13,2.8255,0.001,0.0005,1.0049999952316284,6.0
F,0.075,0.65,1.13,2.8255,0.001,0.0005,0.001500000013038516,10.0
M,0.815,0.055,1.13,2.8255,0.001,0.0005,0.001500000013038516,18.0
F,0.075,0.055,1.13,2.8255,0.001,0.0005,0.001500000013038516,12.0
F,0.075,0.65,1.13,2.8255,0.001,0.0005,0.001500000013038516,10.0
F,0.815,0.055,1.13,2.8255,0.001,0.0005,0.001500000013038516,12.0
F,0.075,0.65,1.13,2.8255,0.001,0.0005,0.001500000013038516,16.0
F,0.815,0.055,1.13,2.8255,0.001,0.0005,0.001500000013038516,12.0
I,0.815,0.055,0.0,2.8255,0.001,0.0005,0.001500000013038516,12.0
F,0.075,0.65,1.13,2.8255,0.001,0.0005,1.0049999952316284,6.0
F,0.075,0.65,0.00048756806,2.8255,0.001,0.0005,0.001500000013038516,5.0
F,0.815,0.055,1.13,2.8255,0.001,0.0005,0.001500000013038516,12.0
F,0.075,0.65,1.13,2.8255,0.001,0.0005,0.001500000013038516,10.0
